# L,G,W,Y,D,T
14,2,3,0,3,0
2,2,1,0,1,0
4,2,2,0,6,0
18,4,1,0,9,1
2,2,5,0,0,0
14,2,2,0,2,1
2,3,4,0,1,0
7,3,11,0,0,0
3,1,7,0,0,1
8,3,7,0,2,1
2,1,4,0,0,0
8,1,1,0,1,0
15,2,1,0,5,1
43,5,6,0,6,0
6,3,5,0,1,0
4,3,6,0,1,0
4,2,4,0,0,0
2,2,2,0,1,0
16,4,6,0,1,0
2,1,1,0,0,0
2,1,2,0,1,0
11,1,1,0,0,0
2,1,3,0,0,0
7,1,3,0,1,0
19,4,4,0,2,1
6,2,3,0,1,0
3,2,3,1,1,0
15,5,4,0,1,0
5,2,2,0,2,0
9,2,5,0,0,0
2,1,2,0,2,0
15,7,13,1,3,0
2,2,1,0,0,1
4,3,8,1,5,0
3,1,4,0,0,0
5,2,8,0,1,0
10,3,6,0,6,0
8,1,1,0,1,0
4,1,4,0,1,0
2,2,4,1,3,0
5,1,3,0,1,0
2,1,2,0,0,0
11,4,9,0,8,1
8,5,8,0,3,1
33,4,3,0,2,0
2,2,1,0,0,1
7,4,2,0,1,0
20,2,7,0,1,0
3,1,2,0,0,0
5,1,2,0,0,0
9,4,2,0,3,0
2,1,2,0,0,0
6,2,3,0,0,0
18,2,5,0,0,0
11,5,8,0,2,0
2,1,2,0,1,0
10,3,4,0,7,0
4,2,2,0,4,0
4,1,1,0,0,1
3,2,5,0,0,0
24,5,7,1,5,1
26,4,7,0,2,0
2,1,3,1,2,0
3,2,1,0,2,0
19,2,3,0,4,0
24,3,12,0,9,0
3,3,3,0,2,1
3,2,4,1,0,1
8,2,1,0,3,0
7,2,3,0,1,0
3,2,6,0,2,0
6,1,2,0,2,0
3,2,2,0,3,1
3,3,6,0,2,0
5,2,4,0,4,0
18,4,4,0,4,0
16,3,3,0,4,0
7,3,3,0,4,0
2,2,3,0,2,0
24,5,9,0,1,0
11,2,2,0,2,0
2,1,1,0,1,0
2,1,1,0,1,0
2,1,1,0,1,0
3,2,4,0,1,0
10,2,4,0,1,0
13,2,5,0,2,0
3,1,1,0,0,0
4,2,5,0,2,0
12,3,2,0,1,1
4,2,1,1,0,0
4,2,1,0,1,0
6,3,4,0,7,0
8,3,4,0,2,0
3,2,5,0,3,0
3,1,4,0,0,0
2,2,2,0,5,0
14,3,5,0,2,0
2,1,1,0,2,0
12,3,4,0,4,0
3,2,4,1,1,0
4,3,3,0,1,1
5,1,1,0,1,0
6,5,6,0,1,0
8,4,9,0,1,0
8,3,3,0,1,0
10,6,10,0,1,0
2,1,1,0,1,0
2,1,1,0,2,0
13,3,3,0,2,0
2,1,3,0,0,0
4,1,2,0,0,0
2,1,1,0,0,0
2,1,0,0,5,0
2,1,1,0,3,0
5,2,1,0,2,0
2,2,1,0,1,0
4,2,5,0,2,0
2,1,1,0,1,0
8,3,5,0,3,0
21,6,4,1,2,0
9,2,2,0,0,1
12,5,7,0,6,0
4,1,2,0,2,0
9,3,4,0,5,0
23,4,8,0,4,0
5,1,4,0,2,0
6,3,4,0,3,0
5,1,1,0,2,0
7,4,3,1,1,0
15,5,15,0,3,0
9,2,1,0,1,0
7,2,9,0,2,0
4,1,2,0,0,0
7,3,5,0,1,0
18,3,3,1,3,0
11,1,3,0,0,0
7,2,3,0,1,1
3,2,1,0,3,0
5,1,1,0,2,0
16,3,3,0,1,0
5,4,3,0,2,0
8,2,2,0,7,0
8,2,1,0,0,1
15,3,6,0,1,0
2,2,1,0,5,0
12,5,5,0,1,1
28,2,2,0,4,0
2,1,2,0,1,0
2,2,1,0,1,0
18,2,2,0,1,0
6,4,14,0,1,0
5,3,7,1,0,0
2,1,1,0,0,0
13,4,10,0,5,0
7,2,2,0,1,0
2,2,2,0,1,0
11,4,4,0,4,0
10,2,3,0,2,0
21,4,7,0,1,1
4,2,4,0,1,0
9,1,1,0,0,0
4,2,5,0,2,0
6,2,3,0,1,0
42,3,4,0,7,0
2,2,4,0,3,0
5,2,2,0,1,0
3,3,3,1,1,0
7,2,9,0,4,0
3,1,0,0,2,0
2,1,2,0,2,0
2,1,1,1,1,0
5,5,7,1,2,1
6,2,6,0,2,2
13,3,2,0,1,0
25,5,6,0,1,0
4,3,3,0,1,0
10,2,3,0,1,0
2,1,1,0,0,0
25,6,16,3,7,0
15,3,3,0,2,0
3,3,1,1,1,0
2,1,1,0,0,0
6,1,2,0,1,0
4,3,2,0,4,2
2,3,6,1,5,0
37,6,7,1,4,0
28,4,3,0,3,0
9,3,3,0,4,0
13,2,3,0,2,0
5,1,7,0,1,0
19,4,7,0,4,0
11,3,12,0,1,0
2,1,1,0,2,0
2,1,0,0,3,0
5,2,1,0,2,0
2,1,1,0,1,0
3,1,4,0,1,0
2,1,0,0,0,1
2,2,3,2,2,1
5,1,1,0,0,0
7,1,1,0,4,0
4,2,2,0,1,0
5,4,4,2,2,0
5,3,6,0,2,0
12,2,9,0,4,0
11,4,8,0,2,0
40,2,3,0,6,0
5,2,1,0,5,0
4,1,2,0,0,0
4,1,1,0,0,0
14,3,5,0,5,0
8,6,5,1,6,0
2,2,2,0,2,0
13,4,8,0,3,0
19,3,8,0,4,0
2,1,3,0,1,0
4,1,4,2,0,0
2,1,1,0,0,0
29,4,1,1,4,2
4,2,1,0,1,0
17,2,3,0,3,1
2,1,2,0,3,0
12,6,3,0,5,1
8,2,2,0,3,1
2,1,1,0,0,0
3,3,6,0,4,0
3,1,1,0,0,0
3,1,3,0,2,0
3,1,1,0,2,0
13,3,5,0,3,0
4,2,4,0,0,0
8,2,4,0,3,0
19,6,12,0,9,1
34,3,10,0,9,0
7,2,3,0,1,0
4,2,6,0,0,0
5,3,2,1,1,0
3,5,15,0,2,0
2,1,0,0,1,1
2,2,1,0,1,0
9,5,11,0,2,0
2,2,6,0,1,0
3,1,1,0,0,0
6,3,7,0,3,0
11,2,1,0,1,0
4,1,1,0,2,0
2,1,1,0,1,0
3,2,2,1,0,0
19,10,14,2,7,0
47,6,6,1,2,0
3,2,2,0,1,0
2,1,1,0,2,0
2,1,1,0,0,0
2,3,1,1,0,0
3,1,0,0,3,0
3,1,0,0,2,0
2,1,1,0,0,0
23,2,3,0,2,0
3,2,4,0,1,0
2,1,4,0,3,0
2,2,4,0,3,0
15,4,7,0,6,0
10,3,3,0,1,1
20,1,1,0,2,0
3,2,4,0,1,0
2,1,1,0,1,0
17,2,1,0,2,0
21,3,3,0,5,0
7,2,3,0,2,0
2,1,5,0,2,0
2,1,2,0,2,0
10,3,3,0,3,0
2,1,1,0,1,0
4,2,5,0,0,0
27,3,5,0,2,1
2,1,1,0,0,0
2,1,1,0,1,0
2,1,2,0,1,0
2,2,0,0,1,1
2,2,2,0,0,0
2,2,3,0,1,0
2,1,1,0,3,0
2,1,1,0,2,0
2,1,1,0,2,0
2,1,0,0,1,0
2,2,3,0,1,0
2,1,0,0,0,1
2,2,0,0,9,0
2,2,5,0,2,0
2,1,0,0,0,1
2,2,0,1,1,0
2,1,2,0,0,0
2,2,1,0,1,0
4,4,4,0,3,2
2,1,1,0,2,0
2,1,3,0,0,0
2,1,2,0,1,0
2,1,1,0,3,0
2,2,3,0,0,0
2,1,1,0,0,0
2,2,3,0,1,0
2,1,1,0,0,0
2,1,0,0,4,0
2,1,2,0,0,0
2,1,1,0,0,0
2,2,6,0,1,0
2,2,1,0,3,0
2,1,3,0,0,0
2,2,3,0,3,0
2,1,0,0,1,0
2,1,1,0,0,0
2,2,2,0,6,0
2,1,0,0,4,0
3,2,4,0,0,0
2,2,3,0,1,0
2,2,3,0,2,0
2,1,2,0,1,0
2,1,0,0,2,1
2,2,3,0,2,0
2,1,2,0,2,0
2,2,2,0,1,0
2,1,0,0,7,0
2,2,6,0,4,0
2,2,4,0,1,0
2,1,1,0,1,0
2,2,0,0,6,0
2,1,1,0,2,0
2,1,2,0,0,0
2,1,2,0,2,0
5,4,7,0,2,0
2,2,5,0,1,0
2,2,3,0,4,0
2,2,1,0,2,1
2,2,3,0,1,0
2,2,1,0,3,0
2,1,1,0,0,0
2,1,2,0,0,0
2,1,2,0,0,0
2,1,0,0,2,1
2,1,1,0,0,0
2,2,7,0,0,0
2,1,1,0,1,0
2,1,2,0,0,0
2,1,3,0,0,0
2,2,4,0,0,0
2,2,7,0,2,0
2,1,1,0,0,0
2,1,1,0,0,0
3,1,3,0,0,0
2,1,1,0,1,0
2,2,3,0,0,0
2,1,1,0,0,0
2,2,3,0,4,0
2,1,1,0,2,0
2,1,0,0,0,1
2,1,0,0,4,0
2,2,2,0,2,0
2,2,0,0,0,1
2,2,8,0,0,0
2,2,1,0,2,0
2,1,0,0,6,0
2,1,2,0,0,0
2,2,1,0,4,1
2,2,2,0,1,0
2,1,1,0,0,0
2,1,2,0,0,0
2,2,3,0,0,0
2,2,2,0,1,0
2,2,3,0,0,0
2,2,3,0,6,0
2,2,3,0,2,0
2,2,6,0,2,0
2,2,5,0,0,0
2,2,3,0,2,0
2,1,2,0,0,1
2,1,2,0,0,0
2,1,2,0,1,0
2,1,2,0,1,0
2,1,1,0,1,0
2,1,1,0,0,0
2,1,1,0,0,0
2,1,2,0,1,0
2,1,0,0,6,0
2,1,1,0,0,1
2,2,5,0,1,0
2,1,1,0,1,0
2,1,1,0,0,0
4,3,2,0,8,0
2,2,1,0,4,1
2,1,1,0,2,0
2,1,4,0,0,0
2,2,1,0,2,0
2,2,3,0,5,0
2,1,2,0,2,0
2,1,1,0,1,0
3,1,1,0,0,0
2,2,1,0,1,0
2,1,1,0,0,0
2,2,1,0,3,0
2,2,3,0,0,0
2,1,1,0,0,0
2,1,4,0,0,0
2,2,2,0,1,0
2,2,5,0,1,0
4,2,5,0,1,0
2,1,0,0,0,1
2,1,2,0,0,0
2,2,2,0,1,0
2,2,2,0,1,0
2,1,2,0,3,0
2,1,3,0,0,0
2,1,4,0,0,0
2,1,1,0,1,0
2,2,5,0,0,0
2,1,0,0,0,1
4,2,5,0,0,0
2,2,5,0,1,0
3,3,6,0,4,0
2,1,4,0,0,0
2,1,1,0,0,0
2,1,0,0,1,0
2,1,1,0,0,0
2,1,3,0,0,0
4,4,7,0,4,0
2,1,1,0,1,0
2,1,0,0,2,0
2,2,5,0,1,0
2,2,4,0,3,0
2,1,1,0,1,0
2,1,0,0,2,0
2,2,2,0,0,0
2,1,2,0,0,0
2,1,1,0,0,0
2,1,1,0,0,0
2,1,1,0,1,0
2,1,2,0,0,0
2,2,2,0,0,0
2,2,1,0,1,1
2,1,1,0,0,0
2,2,3,0,5,0
2,1,1,0,1,0
2,2,3,0,4,0
2,1,1,0,0,0
2,2,4,2,3,0
2,2,4,0,3,0
2,2,7,0,1,0
2,2,3,0,0,0
2,1,2,0,2,0
2,1,1,0,0,0
3,1,5,0,0,0
2,2,3,0,0,0
2,2,0,0,1,0
2,2,3,0,0,1
2,1,1,0,1,0
2,1,1,0,0,0
2,2,3,0,2,0
2,1,1,0,0,0
2,1,1,0,1,0
2,1,0,0,2,0
2,1,3,0,0,0
2,1,0,0,2,1
2,2,1,0,1,0
2,2,3,0,1,0
2,1,0,0,5,0
2,1,1,0,0,0
2,1,2,0,0,0
2,1,1,0,2,0
2,1,2,0,0,0
2,1,2,0,0,0
2,2,1,0,1,0
2,2,0,0,2,1
2,1,0,0,2,1
2,1,2,0,0,0
2,2,2,0,3,0
2,1,1,0,0,0
3,2,4,0,0,0
2,1,0,0,5,0
2,1,2,0,1,0
2,2,3,0,2,0
2,1,0,0,0,1
2,2,4,0,0,0
2,1,1,0,2,0
2,1,1,0,1,0
2,1,2,0,3,0
2,2,3,1,0,1
2,2,3,0,1,0
2,2,4,0,1,1
2,2,1,0,0,1
2,2,1,0,2,1
2,2,3,0,1,0
2,2,2,0,1,0
4,4,5,0,4,1
2,2,1,0,1,0
2,1,1,0,0,0
2,2,1,0,2,0
2,1,1,0,0,0
2,1,0,0,1,0
2,1,1,0,0,0
2,2,1,0,1,0
2,2,2,0,1,0
2,1,2,0,0,0
2,1,1,0,1,0
2,1,1,0,0,0
2,1,1,0,0,0
2,2,5,0,3,0
2,1,2,0,0,0
2,1,0,0,1,0
2,1,1,0,0,1
2,2,2,0,2,0
2,1,1,0,1,0
2,2,3,0,2,0
2,1,5,0,0,0
2,2,3,0,1,1
2,1,1,0,0,0
2,1,1,0,2,0
2,1,2,0,0,0
2,1,2,0,0,0
2,2,2,0,1,0
2,1,2,0,0,0
2,1,1,0,1,0
2,2,2,0,1,1
2,1,1,0,0,0
2,1,0,0,5,0
2,3,5,0,0,0
2,1,0,0,0,1
2,2,1,0,2,0
2,2,4,0,4,0
2,1,2,0,0,0
2,2,3,0,1,0
2,2,1,0,1,0
2,1,1,0,0,1
2,2,2,0,1,0
2,1,1,0,2,0
2,1,4,0,0,0
2,2,4,0,2,0
2,1,1,0,0,0
2,1,2,0,6,0
3,2,3,0,1,0
2,1,1,0,0,0
2,1,3,0,0,0
2,1,1,0,1,0
2,1,1,0,0,0
2,2,4,0,1,0
2,1,1,0,0,0
2,2,1,0,3,0
2,1,3,0,0,0
2,1,3,0,0,0
2,1,3,0,0,1
2,1,1,0,1,0
2,1,2,0,0,0
2,2,3,0,1,1
2,1,1,0,1,0
2,2,9,1,1,0
2,1,3,0,0,0
2,1,1,1,4,0
2,1,1,0,0,0
2,1,2,0,0,0
3,2,2,0,6,0
2,1,2,0,0,0
2,1,0,0,2,0
5,4,8,0,2,0
2,2,6,0,0,0
2,1,4,0,6,0
2,2,2,0,1,0
2,2,1,0,2,0
2,2,1,0,1,0
2,2,4,0,0,0
2,1,1,0,1,0
2,1,0,0,1,0
2,1,1,0,0,0
2,1,2,0,3,0
2,1,3,0,0,0
2,1,1,0,0,0
2,1,1,0,1,0
2,2,1,0,2,0
2,2,0,0,8,0
2,1,3,0,0,0
2,1,1,0,0,0
2,1,2,0,0,0
2,1,0,0,3,0
2,1,1,0,0,0
2,1,1,0,0,0
2,2,3,0,3,1
2,2,1,0,0,1
2,2,3,0,2,0
2,1,2,0,0,0
2,1,1,0,0,0
2,2,1,0,2,0
2,1,1,0,2,0
2,2,6,0,3,0
2,1,1,0,0,0
2,2,2,0,2,0
2,2,3,0,0,0
2,2,7,0,0,0
2,1,1,0,0,0
2,1,0,0,1,0
2,1,1,0,0,0
4,3,7,0,4,0
2,1,0,0,1,0
2,1,3,0,2,0
2,1,1,0,0,0
2,1,2,0,0,0
2,2,1,0,5,0
2,1,2,0,1,0
2,2,5,2,1,0
2,2,2,0,3,0
2,1,0,0,2,1
2,1,1,0,0,0
2,2,6,0,1,0
2,2,1,0,2,0
2,2,5,0,0,0
2,1,0,0,5,0
2,2,4,0,5,0
3,2,3,0,3,0
2,1,0,0,0,1
2,1,1,0,1,0
3,1,3,0,0,0
2,1,4,0,0,0
2,1,1,0,3,0
2,1,1,0,0,0
2,2,2,0,2,0
2,1,1,0,2,0
2,1,3,0,3,0
2,2,2,0,1,1
2,2,4,0,0,0
2,1,2,0,0,0
2,2,1,0,5,0
2,1,0,0,2,1
2,2,2,0,2,0
2,3,3,0,1,0
2,2,1,0,0,2
2,2,3,0,0,0
2,1,2,0,2,0
2,1,1,0,1,0
2,1,2,0,0,2
2,2,7,0,2,0
2,1,0,0,0,1
2,1,1,0,0,0
2,2,2,0,5,0
2,1,2,0,0,0
2,1,2,0,2,0
2,2,1,0,8,1
2,1,0,0,0,1
2,1,4,0,0,0
2,1,0,0,3,1
2,1,3,0,0,0
3,1,2,0,0,0
2,2,4,0,1,0
2,2,1,0,2,0
2,2,2,0,0,0
2,2,2,0,0,0
2,2,2,0,3,0
2,2,2,1,0,0
2,1,2,0,1,0
2,2,3,0,0,0
2,2,1,0,1,0
2,1,1,0,3,1
2,1,2,0,0,0
2,1,0,0,2,1
2,2,3,0,1,0
2,2,4,0,0,1
2,1,0,0,0,0
2,1,2,0,1,0
2,2,5,0,0,0
2,2,1,0,0,1
2,1,2,0,0,0
2,2,1,0,0,1
2,1,0,0,0,0
2,1,3,0,0,0
2,1,3,0,0,0
2,2,2,0,5,0
2,1,2,0,0,0
2,1,2,0,1,0
2,2,0,1,3,1
2,1,0,0,0,1
2,2,2,2,3,0
2,2,1,0,1,0
2,1,1,0,0,0
2,2,1,0,2,1
2,1,4,0,0,0
2,2,1,0,3,0
2,1,1,0,2,0
2,1,1,0,1,0
3,2,3,0,0,0
2,1,2,0,0,0
2,1,2,0,1,0
2,1,2,0,0,0
2,1,4,0,0,0
2,2,3,0,1,0
2,1,1,0,0,0
2,2,5,0,0,0
2,2,3,1,3,0
2,2,2,0,3,0
2,1,3,0,1,0
2,1,2,0,0,0
2,2,2,0,3,0
2,2,1,0,2,0
2,1,1,0,0,0
2,2,2,0,3,0
3,3,10,1,0,0
2,2,2,0,1,0
2,2,3,0,1,0
2,2,0,0,6,0
2,1,2,0,0,0
2,2,1,0,1,0
2,1,3,0,1,0
2,1,0,0,1,0
2,1,3,0,1,0
2,1,7,0,1,0
2,2,1,0,1,0
2,2,1,0,1,0
2,1,3,0,0,0
2,1,1,0,0,0
2,2,0,0,6,1
2,1,4,0,0,0
2,2,5,0,6,0
2,1,3,0,0,0
2,1,1,0,0,0
2,2,3,0,1,0
3,2,3,1,0,0
2,2,2,0,2,0
2,2,4,0,1,0
2,1,2,0,0,0
2,2,2,0,1,1
2,1,1,0,0,0
2,1,1,0,0,0
2,2,4,1,2,0
2,1,2,0,0,0
2,2,0,0,1,0
2,2,1,0,2,0
2,2,6,0,0,0
2,1,2,0,0,0
2,1,0,0,6,0
3,3,4,0,1,0
2,2,2,0,3,0
2,2,1,0,1,0
2,2,2,0,1,0
2,2,1,0,2,0
2,1,3,0,0,0
2,1,2,0,0,0
2,1,1,0,2,0
4,4,3,0,3,1
2,1,0,0,5,0
2,1,2,0,0,0
2,1,1,0,0,0
3,2,1,0,3,0
2,1,4,0,0,0
2,2,4,0,0,0
2,2,3,1,1,0
2,1,1,0,1,0
2,2,2,0,1,0
2,1,0,0,2,0
2,1,1,0,1,0
2,1,0,0,0,1
2,2,3,0,0,0
2,2,0,0,1,1
2,1,3,0,0,0
2,1,1,0,0,0
2,1,2,0,0,0
2,2,2,0,3,0
2,2,2,0,0,0
2,2,7,0,0,0
2,1,0,0,2,0
2,2,6,0,1,0
2,2,0,0,1,1
2,2,0,0,7,1
2,1,2,0,0,0
2,1,1,0,0,0
2,1,2,0,0,0
2,2,1,0,3,1
2,2,5,0,1,0
2,2,3,0,0,1
2,2,2,0,1,0
2,1,0,0,1,1
2,1,0,0,0,1
2,2,1,0,5,2
2,1,2,0,0,0
2,1,3,0,0,0
2,1,2,0,0,0
2,1,5,0,0,0
3,2,3,3,1,1
2,1,1,0,0,0
2,1,1,0,0,0
2,2,3,0,2,0
2,5,3,0,1,0
2,1,0,0,4,0
2,2,2,0,3,1
2,2,0,0,0,1
2,3,3,0,2,0
3,3,3,0,3,1
2,1,0,0,6,0
2,2,4,0,5,0
2,2,1,0,1,0
2,1,2,0,0,0
2,1,3,0,0,0
2,2,2,0,1,1
2,2,1,0,1,1
2,2,1,0,1,0
2,2,0,0,0,1
2,2,2,0,1,0
2,2,4,0,3,0
2,1,0,0,3,0
2,1,2,0,1,0
2,1,1,0,0,0
2,1,1,0,0,0
2,1,1,0,1,0
2,2,1,0,4,2
2,1,0,0,2,0
2,2,6,0,1,0
2,1,2,0,0,0
2,1,0,0,5,0
2,2,1,0,1,1
2,1,2,0,0,0
2,2,2,0,2,0
2,2,1,0,1,0
2,1,1,0,0,1
2,2,4,0,0,0
2,1,2,0,0,0
2,1,1,0,0,0
2,1,0,0,7,0
2,2,1,0,3,0
2,2,3,0,0,0
2,1,4,0,0,2
2,1,1,0,0,0
2,1,2,0,0,0
2,1,0,0,0,1
2,2,1,0,2,0
2,1,0,0,4,0
2,2,2,0,1,0
3,2,3,0,1,0
2,2,3,0,1,0
2,1,2,0,0,0
2,1,1,0,2,0
2,2,1,0,2,0
2,1,1,0,1,0
2,1,2,0,0,0
2,1,1,0,0,0
2,2,1,0,1,0
2,1,0,0,1,0
2,1,1,0,1,0
2,2,1,0,2,0
2,1,0,0,2,1
2,2,4,0,2,0
2,1,1,0,0,0
2,2,7,1,1,0
2,1,2,0,0,0
2,1,1,0,0,0
2,2,3,0,2,0
2,2,3,0,0,0
2,2,3,0,2,1
2,1,0,0,0,1
2,1,2,0,0,1
2,1,3,0,0,0
2,1,1,0,1,0
2,1,1,0,0,0
2,2,8,2,6,0
2,1,1,0,0,0
2,2,1,0,3,0
2,3,4,0,0,0
2,2,4,0,0,0
2,2,1,0,1,0
2,1,1,0,0,1
2,1,3,0,1,0
2,1,1,0,0,0
2,1,0,0,1,0
2,2,4,0,2,0
2,2,3,0,1,0
2,1,2,0,0,0
2,2,3,0,3,0
2,1,4,0,0,0
2,1,1,0,2,0
2,2,2,0,2,0
2,1,4,0,1,0
2,2,1,0,1,0
2,1,3,0,0,0
7,3,7,0,3,0
2,1,1,0,0,0
3,1,3,0,0,0
2,1,2,0,3,0
2,1,2,0,0,0
2,1,1,0,1,0
2,2,3,0,0,0
2,1,1,0,2,0
2,1,1,0,1,0
2,2,2,0,0,1
2,2,1,0,2,0
2,2,0,0,8,1
2,1,1,0,0,0
2,1,1,0,1,0
2,2,3,0,4,0
2,2,5,0,0,0
2,2,4,0,1,0
2,2,3,0,1,0
2,1,0,0,8,0
3,2,7,0,0,0
2,2,4,1,0,0
2,1,1,0,1,0
2,2,1,0,1,0
2,1,0,0,0,1
2,1,2,0,1,0
2,1,1,0,0,0
2,1,1,0,4,0
2,2,1,0,4,0
2,1,2,0,0,1
2,1,1,1,1,0
2,2,4,0,2,0
2,1,2,0,0,1
2,1,1,0,0,0
2,2,3,0,0,0
2,1,1,0,1,0
2,2,4,0,1,0
2,2,3,0,0,0
2,2,2,0,6,0
2,1,1,0,0,0
2,2,5,1,0,0
2,1,1,0,1,0
2,2,2,0,1,0
2,1,1,0,1,0
2,1,3,0,0,1
2,1,1,0,0,0
2,1,1,0,0,0
2,1,3,0,0,0
2,1,0,0,2,0
2,1,1,0,4,0
2,1,1,0,0,0
2,1,0,0,1,0
2,1,1,0,0,0
2,2,0,0,3,0
2,1,2,0,0,0
2,2,1,0,3,0
2,1,0,0,0,1
2,2,2,0,2,0
2,2,8,0,1,0
2,2,4,0,1,0
2,2,5,0,0,0
2,1,1,0,0,0
2,1,1,0,0,0
2,2,2,0,5,0
2,1,0,0,0,1
2,2,1,0,1,0
2,1,4,0,2,0
2,2,1,0,4,0
2,2,1,0,3,1
2,1,4,1,0,0
2,1,2,0,0,0
3,3,0,0,5,1
2,1,2,0,1,0
2,1,1,0,0,0
2,1,1,0,1,0
2,2,3,0,0,0
2,1,0,0,0,0
2,1,2,0,0,0
2,2,2,0,1,0
2,1,1,0,1,0
2,1,0,0,3,1
2,1,3,0,0,0
2,2,4,0,0,0
2,1,6,0,0,0
2,1,2,0,0,0
2,1,1,0,3,0
2,1,1,0,0,0
2,2,2,0,4,0
2,2,1,0,0,1
2,1,2,0,0,0
2,2,1,0,1,0
2,2,2,0,3,0
2,2,3,0,3,0
2,1,0,0,8,0
2,1,1,0,0,0
2,1,1,0,0,0
2,2,5,0,1,0
3,2,2,0,1,0
2,1,1,0,2,0
2,2,1,0,2,0
2,2,3,1,0,0
2,1,1,0,2,0
2,2,3,0,2,0
2,1,1,0,1,0
2,2,3,0,0,0
2,2,0,0,5,1
2,1,1,0,2,0
2,1,4,0,0,0
2,1,1,0,1,0
2,2,3,0,1,0
2,1,1,0,0,0
2,3,5,0,1,0
2,1,0,0,0,1
2,2,0,0,6,1
2,2,2,0,2,0
2,2,1,0,3,0
2,2,1,0,0,1
2,2,7,0,2,0
2,2,4,0,2,0
2,2,5,0,1,1
2,1,1,0,0,1
2,1,1,0,1,0
2,2,2,0,2,0
2,1,1,0,0,0
2,1,1,0,1,0
2,1,2,0,0,0
2,1,3,0,0,0
3,1,1,0,1,0
2,2,3,0,1,0
2,1,2,0,0,0
2,2,2,0,1,0
2,2,4,0,0,1
2,2,2,0,1,0
2,2,0,0,0,1
3,2,4,0,0,0
2,1,2,0,0,0
4,4,8,0,1,0
2,2,1,0,2,0
2,2,4,0,1,0
2,1,0,0,2,1
3,1,2,0,0,0
2,2,2,0,1,0
2,1,1,0,0,0
3,1,2,0,0,0
2,1,1,0,1,0
2,1,1,0,0,0
2,2,3,0,2,0
2,1,1,0,0,1
2,1,2,0,0,0
2,2,3,0,2,0
2,1,4,0,1,0
2,2,4,0,0,1
2,1,2,0,0,0
2,1,4,0,0,0
2,1,1,0,0,0
2,2,3,1,1,0
2,1,1,0,0,0
2,2,1,0,0,1
2,2,5,1,0,0
2,2,3,0,0,0
2,1,0,0,0,1
2,1,1,0,0,0
2,2,4,1,0,0
2,2,2,0,5,0
2,1,1,0,3,0
2,1,1,0,0,0
2,1,1,0,0,0
2,1,1,0,1,0
2,1,3,0,1,0
2,1,1,0,0,0
2,1,0,0,7,0
2,2,4,0,2,0
2,1,0,0,0,1
2,2,4,0,5,0
2,1,1,0,0,0
2,2,1,0,1,0
2,2,1,0,1,0
2,2,4,0,0,0
2,1,0,0,1,0
2,2,0,0,6,0
2,1,2,0,0,0
3,1,0,0,1,0
2,1,0,0,0,0
2,1,0,0,3,0
2,1,1,0,2,0
2,2,0,0,6,1
2,3,6,0,3,1
3,1,1,0,0,1
2,1,3,0,0,0
2,1,1,0,0,0
2,1,1,0,1,0
2,1,3,0,0,0
2,1,2,0,0,0
2,2,1,0,2,1
2,2,6,0,4,0
2,1,3,0,0,0
3,1,0,0,1,0
2,2,0,0,5,0
2,2,1,0,1,0
2,2,1,0,1,0
2,2,2,0,1,0
2,1,2,0,0,0
2,2,3,0,1,0
2,2,2,1,5,1
2,1,1,0,2,0
2,2,1,0,5,1
2,1,1,0,0,0
2,1,3,0,0,0
2,1,1,0,0,0
2,2,6,0,5,0
3,2,2,0,3,0
2,1,1,0,0,0
2,1,1,0,0,0
2,1,1,0,2,0
2,2,3,0,0,0
2,2,2,0,2,0
2,2,0,0,4,2
2,2,1,0,2,0
2,2,3,0,2,0
2,2,1,0,0,0
2,2,2,0,2,0
2,1,0,0,6,0
2,2,2,0,1,1
2,2,4,0,1,0
2,1,2,0,0,0
2,2,2,0,1,0
2,2,1,0,2,0
2,2,1,0,2,0
2,2,1,0,4,0
2,1,0,0,1,0
2,2,2,0,0,1
2,1,1,0,0,0
2,2,4,0,1,0
2,1,1,0,0,0
2,2,3,0,0,0
2,2,4,0,7,0
2,1,1,0,2,0
2,2,2,0,1,0
2,1,1,0,0,0
2,2,5,2,1,0
2,1,1,0,0,0
2,1,1,0,1,0
2,1,1,0,2,0
3,1,2,0,0,0
2,1,2,0,0,0
2,2,2,0,3,0
2,1,0,0,4,0
2,2,4,0,1,1
2,2,3,0,2,0
2,1,1,0,0,0
2,2,6,1,0,0
2,2,1,0,2,0
2,2,2,0,4,0
2,2,2,0,1,0
2,2,3,0,0,0
2,1,3,0,0,0
2,1,1,0,0,0
2,2,3,0,1,0
2,1,6,0,0,0
2,2,5,0,2,0
4,3,4,0,4,0
2,1,0,0,0,0
2,1,0,0,0,1
2,1,2,0,0,0
2,1,0,0,2,0
2,1,0,0,2,0
2,2,4,0,0,0
2,2,3,0,0,0
2,1,1,0,0,0
2,1,4,0,0,0
2,1,1,0,0,0
2,1,1,0,0,0
2,1,2,0,0,0
2,1,2,0,0,0
2,2,1,0,1,0
2,2,2,0,3,0
2,1,2,0,1,0
2,2,4,1,2,0
2,1,2,0,0,0
2,2,1,0,1,0
2,2,1,0,3,0
2,1,2,0,0,0
2,1,1,0,0,0
2,1,1,0,0,0
2,2,1,0,1,0
2,1,0,0,2,0
2,1,3,0,0,0
2,2,1,0,5,0
2,2,3,0,4,0
3,2,1,0,2,1
2,1,1,0,1,0
2,2,4,0,0,0
2,1,2,0,0,0
2,2,3,0,4,0
2,1,2,0,0,0
2,2,5,0,1,0
2,1,1,0,2,0
2,1,1,0,0,0
2,2,4,0,0,0
2,1,2,0,1,0
2,2,3,0,1,0
2,1,2,0,0,0
2,1,1,0,2,0
2,2,1,0,2,0
2,2,1,0,1,0
2,1,1,0,0,0
2,1,0,0,5,0
2,1,1,0,0,0
2,2,1,0,0,1
2,1,1,0,0,0
2,1,0,0,5,0
2,1,1,0,0,0
3,1,0,0,0,1
2,1,4,0,0,0
2,2,4,0,7,0
2,1,1,0,1,0
2,1,5,0,0,0
2,1,1,0,0,0
2,1,3,0,0,0
2,2,0,0,5,0
2,1,1,0,1,0
2,2,1,0,2,1
2,2,3,0,3,0
2,2,2,0,2,1
2,1,1,0,0,0
5,3,8,0,0,1
2,1,6,0,0,0
2,2,1,1,2,0
2,1,0,0,0,0
5,4,9,0,3,0
2,1,1,0,0,0
2,2,1,0,2,0
2,1,1,0,0,0
2,1,3,0,4,0
2,1,1,0,0,0
2,1,2,0,1,0
2,2,2,0,0,1
2,2,3,0,0,0
2,2,4,0,0,0
2,1,1,0,0,0
2,1,5,0,0,0
2,1,1,0,0,0
2,1,2,0,0,0
2,2,3,0,4,0
2,1,0,0,5,0
2,1,3,0,0,1
2,1,4,0,0,0
2,1,2,0,0,0
2,2,3,0,1,0
2,1,2,0,0,0
2,1,6,0,0,0
2,2,4,0,0,0
2,1,0,0,6,0
2,2,3,1,0,0
2,2,2,1,2,0
2,2,1,0,2,0
2,2,3,0,0,0
2,1,1,0,0,1
2,1,3,0,0,0
2,2,0,0,6,0
2,1,1,0,0,0
2,1,4,0,0,0
2,2,6,0,2,0
2,1,3,0,0,0
2,2,0,0,3,0
2,1,2,0,0,0
2,2,2,0,3,0
2,1,0,0,4,0
2,2,4,0,1,0
2,2,0,0,1,1
2,2,2,0,2,0
2,2,2,0,0,0
2,1,2,0,0,0
2,2,1,0,5,0
2,1,1,0,0,0
2,1,1,0,2,0
2,1,0,0,2,1
2,2,3,0,0,0
2,1,1,0,2,0
2,1,0,0,2,1
2,1,1,0,0,0
2,1,1,0,0,0
2,1,1,0,0,0
2,2,1,0,2,0
2,2,1,0,3,1
2,3,5,2,2,0
2,2,1,0,1,0
2,2,0,0,3,1
2,1,1,0,2,0
2,2,3,0,1,0
2,1,1,0,0,0
2,1,4,0,0,0
2,2,1,0,4,0
2,1,1,0,0,0
2,1,2,0,0,0
2,1,1,0,1,0
2,1,1,0,0,0
2,1,1,0,0,0
2,2,1,0,4,0
2,1,2,0,0,0
2,2,2,0,1,0
2,1,3,0,3,0
2,2,2,1,0,1
2,1,2,0,1,0
2,2,3,0,1,0
2,1,1,0,0,0
2,2,0,0,4,0
8,7,10,0,5,0
2,1,1,0,1,0
2,2,4,0,0,0
2,2,3,1,0,1
2,1,1,0,0,0
2,1,2,0,2,0
2,1,6,0,0,0
2,2,3,0,2,0
2,1,0,0,1,0
2,1,1,0,0,0
2,2,5,0,3,0
3,1,1,0,1,0
4,2,7,0,0,0
2,2,2,0,4,1
2,1,1,0,2,0
2,2,1,0,1,0
2,2,2,0,2,0
2,1,0,0,1,0
2,2,1,0,0,0
2,1,1,0,0,0
2,2,6,0,0,0
2,1,1,0,0,1
2,1,1,0,0,0
2,2,0,0,5,0
2,2,1,0,1,1
2,1,2,0,0,0
2,2,2,0,1,0
2,1,2,0,0,0
2,1,2,0,0,0
2,2,1,0,4,0
2,2,3,0,2,0
2,2,3,0,1,0
2,1,2,0,0,0
2,2,3,0,2,0
2,1,2,0,0,0
2,2,3,0,0,0
2,2,3,0,0,1
2,2,1,0,5,0
2,1,4,0,0,0
2,1,1,0,0,0
2,1,1,0,0,0
2,2,3,0,2,0
2,2,3,0,1,0
2,2,2,0,5,0
2,1,3,0,0,0
2,1,1,0,0,0
2,1,3,0,0,0
2,1,3,0,0,0
2,2,4,0,0,0
2,1,0,0,0,1
2,2,1,0,1,0
3,1,4,0,0,0
2,1,3,0,0,0
2,1,1,0,0,0
2,1,2,0,0,0
2,1,3,0,0,0
2,1,2,0,3,0
2,1,3,0,0,0
2,1,1,0,1,0
2,1,1,0,2,0
2,1,1,0,0,0
2,2,4,0,3,0
2,1,1,0,0,0
2,2,2,0,1,0
2,2,3,0,6,0
2,1,3,0,0,0
2,1,3,0,0,0
2,1,2,0,3,0
2,1,0,0,0,1
2,2,2,0,1,0
2,1,3,0,0,0
2,2,1,0,7,0
2,2,5,0,0,0
2,2,4,0,0,0
2,1,0,0,2,0
2,1,2,0,0,0
2,2,1,0,3,0
2,2,2,0,2,1
2,2,2,0,5,0
2,1,1,0,0,1
2,1,0,0,1,0
2,2,2,0,3,0
2,3,5,0,2,0
2,2,3,0,0,0
2,1,2,0,0,0
2,1,2,0,0,0
2,2,3,0,2,0
2,1,1,0,0,0
2,2,0,0,4,1
2,2,2,0,0,0
2,1,4,0,0,0
3,2,4,0,3,0
2,2,2,0,1,0
3,2,6,0,0,0
2,2,2,0,0,0
2,2,1,0,1,0
2,2,1,0,1,0
2,2,0,0,3,1
3,3,2,0,4,0
2,1,1,0,0,0
2,2,3,0,0,0
2,1,3,0,0,0
2,2,2,0,0,1
2,2,4,0,0,0
2,1,1,0,2,0
2,1,0,0,0,0
2,2,1,0,0,1
2,1,2,0,5,0
2,1,0,0,7,0
2,2,4,0,2,0
2,2,4,0,2,1
2,2,1,0,6,0
2,2,1,0,0,1
2,2,3,0,0,1
2,1,1,0,1,0
2,1,3,0,0,0
2,2,1,0,0,1
2,2,4,0,0,0
2,1,4,1,0,0
2,2,2,0,3,2
3,1,1,0,0,0
2,1,1,0,2,0
2,1,1,0,0,0
2,2,5,0,1,0
2,1,2,0,4,0
2,1,1,0,0,0
2,1,1,0,0,0
2,1,4,0,0,0
2,2,0,0,0,1
2,1,0,0,0,1
3,2,3,0,1,0
2,1,0,0,1,0
2,2,2,0,1,0
3,2,3,0,0,1
2,2,4,0,0,0
2,1,2,0,0,0
2,1,1,0,1,0
2,2,2,0,0,1
2,2,2,0,4,0
2,2,1,0,2,0
2,1,1,0,0,0
2,2,3,0,4,0
2,1,0,0,4,0
2,2,3,0,2,0
2,2,3,0,3,1
2,1,3,0,0,0
2,2,2,1,0,0
2,2,6,0,1,0
2,2,1,0,0,2
2,2,2,0,3,1
2,1,2,0,0,0
3,2,4,0,6,0
2,2,3,0,0,0
2,1,3,0,0,0
2,1,1,0,0,1
2,1,3,0,0,0
2,2,1,0,2,0
2,1,2,0,0,1
2,1,2,0,0,0
2,2,1,0,2,0
2,2,2,0,2,0
2,2,2,0,2,0
2,1,2,0,2,0
2,2,6,0,0,0
2,1,1,0,0,0
2,2,2,0,1,0
2,1,2,0,0,0
2,1,0,0,1,0
4,3,5,0,3,0
2,2,2,0,1,0
2,1,3,0,1,0
2,1,2,0,0,0
2,3,3,0,5,0
2,1,2,0,2,0
2,2,2,0,4,0
2,2,3,0,0,0
2,1,0,0,3,1
2,2,1,0,3,0
2,3,4,0,2,0
2,2,3,1,0,0
2,1,0,0,0,1
2,2,0,0,1,1
2,1,1,0,0,0
2,1,1,0,0,0
2,2,3,0,0,0
2,1,1,0,1,0
2,1,2,0,0,0
2,1,1,0,1,0
2,3,7,0,2,0
2,2,2,0,2,0
2,2,1,0,0,1
2,1,1,0,0,0
2,2,0,0,3,1
2,1,0,0,2,1
2,2,2,0,1,0
2,1,2,0,5,0
2,1,1,0,0,0
2,2,5,0,1,0
2,1,1,0,1,0
2,1,1,0,0,0
2,1,4,0,0,0
2,2,2,0,5,0
2,2,1,0,1,1
2,1,1,0,1,0
2,1,0,0,5,1
2,1,1,0,0,0
2,2,3,0,3,0
2,1,2,0,0,1
2,1,1,0,1,0
2,2,8,0,4,0
2,1,2,0,0,0
2,2,2,0,2,0
2,1,4,0,1,0
2,1,2,0,0,0
2,1,2,0,0,0
2,1,1,0,6,0
2,1,0,0,1,1
2,2,1,0,1,0
2,2,3,0,2,0
2,2,4,0,3,0
2,1,1,0,1,0
2,1,2,0,0,0
2,2,1,0,1,0
2,1,1,0,2,0
2,1,1,0,0,0
2,1,1,0,1,0
2,1,0,0,0,1
2,1,1,0,0,0
2,2,1,0,2,0
2,2,2,0,3,0
2,2,2,0,6,0
2,1,0,0,3,0
2,1,1,0,0,0
2,1,3,0,0,0
2,2,3,1,2,0
2,2,3,0,1,0
2,2,1,0,4,0
2,1,1,0,1,0
2,1,0,0,0,2
2,2,2,0,2,0
2,1,2,0,0,0
3,3,3,0,6,0
2,1,0,0,1,1
2,2,2,0,2,0
2,1,2,0,2,0
4,3,4,0,1,0
2,1,1,0,0,0
2,1,2,0,3,0
2,4,2,0,0,0
2,2,3,0,0,0
2,1,2,0,0,0
2,2,2,0,2,1
3,2,4,0,0,0
3,3,4,0,1,0
2,2,7,0,0,0
3,3,1,0,7,0
2,2,4,0,6,0
2,2,3,0,0,1
2,2,1,0,0,0
2,2,4,0,0,0
2,1,2,0,3,0
2,2,2,0,1,0
2,1,0,0,0,1
2,1,1,0,1,0
2,1,3,0,1,0
2,1,1,0,1,0
2,2,1,1,0,0
2,1,3,0,0,0
2,1,0,0,0,1
2,1,0,0,2,0
2,1,2,0,2,0
2,1,1,0,0,0
2,1,3,0,0,0
2,1,2,0,0,0
2,2,3,0,1,0
2,2,1,0,1,0
2,2,1,0,1,2
2,2,3,0,1,0
2,2,2,0,0,0
2,2,4,0,0,0
2,1,1,0,2,0
2,2,8,0,3,0
2,1,1,0,1,0
2,2,3,0,2,0
2,1,2,0,2,0
2,1,3,0,0,1
2,1,1,0,0,0
2,1,1,0,0,0
2,1,0,0,1,0
2,2,3,0,3,1
2,2,2,0,1,0
2,2,1,0,1,0
2,2,3,0,0,1
2,2,4,0,0,0
2,1,1,0,0,0
2,2,0,0,5,0
2,1,0,0,0,1
2,1,0,0,5,0
2,2,3,0,1,0
2,1,2,0,0,0
2,1,2,0,2,0
2,2,5,0,1,0
2,1,1,0,1,0
2,1,3,0,0,0
3,2,2,0,6,0
2,1,3,0,0,0
2,2,1,0,2,1
2,2,1,0,3,0
3,1,1,0,0,0
2,1,1,0,2,0
2,1,0,0,0,2
2,1,1,0,1,0
2,1,2,0,1,0
2,2,5,0,0,0
2,2,4,0,2,0
2,1,3,0,0,0
2,1,1,0,1,0
3,2,2,0,0,0
2,2,3,0,0,1
4,3,5,0,1,0
2,1,1,0,0,0
2,2,3,0,2,0
2,1,4,0,2,0
2,2,6,0,2,0
2,2,5,0,0,0
2,2,1,0,1,0
2,2,0,0,6,1
2,1,2,0,0,0
2,2,5,0,2,0
2,2,5,0,0,0
2,1,3,0,0,0
2,2,2,0,2,0
2,2,1,0,1,1
2,2,6,0,0,0
2,1,1,0,2,0
2,2,5,0,2,0
2,1,1,0,0,0
2,2,1,0,0,1
3,2,0,0,5,1
2,1,1,0,0,0
2,1,0,0,6,1
2,1,2,0,0,0
2,2,1,0,1,0
2,1,2,0,0,0
2,1,1,0,0,1
2,2,3,0,0,0
2,1,0,0,0,1
2,2,3,0,0,0
2,1,1,0,2,0
2,1,1,0,0,0
2,1,1,0,0,0
2,1,2,0,2,0
2,1,1,0,0,0
2,2,0,0,5,0
2,2,3,0,0,0
2,1,1,0,1,0
2,1,1,0,0,0
2,1,2,0,2,0
2,2,3,0,0,1
2,1,3,0,0,0
2,2,2,1,1,0
2,2,2,0,2,0
2,1,0,0,5,1
2,2,1,0,0,1
2,1,0,0,0,0
2,1,1,1,1,0
2,2,2,0,3,0
2,2,1,0,1,0
2,1,1,0,0,0
2,1,1,0,0,0
2,1,1,0,0,0
2,1,1,0,0,0
2,1,0,0,0,1
2,2,1,0,1,0
2,1,1,0,0,0
2,1,5,0,0,0
2,3,5,5,2,0
2,2,1,0,1,0
3,1,2,0,0,0
2,1,1,0,0,0
2,2,2,1,1,0
2,1,2,0,2,0
2,1,3,0,0,0
2,2,0,0,1,1
2,2,2,0,0,0
2,2,6,0,2,0
2,2,1,0,1,0
2,1,1,1,0,0
2,2,2,0,1,0
2,1,0,0,2,0
2,2,0,0,1,1
2,1,4,0,1,0
2,1,3,0,0,0
2,2,3,0,1,0
2,1,1,0,0,0
2,1,0,0,0,1
2,1,2,0,0,0
2,2,2,0,0,1
2,1,0,0,2,0
2,2,2,0,1,0
2,1,1,0,0,0
2,1,1,0,0,0
2,1,1,0,3,0
2,2,2,0,1,0
2,2,4,0,0,0
2,2,4,0,1,0
2,2,0,0,1,2
2,1,2,0,0,0
2,1,1,0,1,0
3,1,0,0,1,0
2,2,5,0,3,0
2,1,2,0,1,0
2,1,5,0,1,0
2,1,2,0,1,0
2,1,0,0,1,0
2,3,5,0,1,0
2,2,8,0,2,0
2,2,1,0,1,0
2,2,3,0,2,0
2,1,1,0,0,0
2,1,2,0,2,0
2,1,1,0,0,0
2,1,1,0,1,0
3,2,1,0,1,0
2,2,2,0,1,0
2,1,1,0,0,0
2,1,1,0,2,0
2,1,2,0,0,0
2,2,1,0,5,0
2,1,1,0,4,0
2,1,1,0,0,0
2,2,5,0,0,0
2,2,2,0,5,0
2,2,6,0,3,0
2,2,2,0,4,0
2,1,1,0,0,0
2,1,0,0,2,0
2,3,1,0,2,0
2,2,4,0,3,0
2,1,2,0,0,0
2,2,4,0,0,0
2,1,1,0,1,0
2,2,2,0,5,1
2,1,2,0,0,0
5,3,5,0,1,1
2,1,1,0,0,0
2,2,3,0,1,0
2,1,1,0,6,0
2,1,3,0,0,0
2,1,2,0,3,0
2,2,0,0,5,1
2,2,0,0,2,2
2,1,0,0,2,1
2,1,3,0,0,0
2,3,4,0,2,0
2,1,0,0,1,0
2,1,1,0,0,0
2,1,1,0,0,0
2,2,1,0,1,1
2,1,1,0,1,0
2,2,1,0,7,0
2,2,1,0,1,0
2,2,1,0,2,0
2,1,0,0,1,1
2,2,0,0,5,0
2,1,1,0,2,0
2,2,2,0,1,0
2,1,1,0,0,0
2,1,1,0,0,0
2,2,1,0,4,0
2,1,0,0,1,0
2,1,1,0,1,0
2,2,1,0,0,1
2,2,1,0,1,0
2,1,0,0,0,1
2,2,6,0,0,0
2,2,4,0,0,1
2,1,0,0,2,0
2,1,3,0,0,0
2,2,1,0,3,0
2,2,2,0,3,0
5,5,8,0,2,0
2,2,1,0,3,0
2,1,0,0,4,0
2,1,1,0,0,0
2,1,2,0,1,0
2,2,3,0,2,0
2,1,1,0,2,0
2,1,5,0,0,0
2,2,5,0,4,0
2,1,1,0,0,0
2,2,1,0,1,0
2,2,3,0,1,0
3,2,2,0,2,1
2,1,2,0,0,0
2,1,1,0,1,0
2,1,3,0,2,0
2,2,3,0,4,0
2,1,4,0,0,0
7,3,6,0,1,0
2,2,3,0,1,0
2,1,3,0,0,0
2,1,0,0,2,0
2,1,1,0,0,0
2,2,2,0,1,0
2,1,1,0,0,1
2,1,1,0,1,0
14,5,12,0,3,0
2,1,2,0,0,0
2,2,2,0,1,0
2,1,1,0,0,0
2,1,1,0,0,0
2,2,6,0,6,0
2,2,3,0,5,0
2,2,2,0,1,1
2,2,4,0,3,0
2,1,2,0,0,0
2,2,3,0,0,0
2,2,1,0,0,0
2,1,2,0,0,1
21,10,26,0,11,1
2,1,2,0,0,0
2,2,3,0,1,0
2,1,2,0,1,0
2,1,0,0,0,1
2,2,5,2,1,0
2,2,0,0,2,1
2,1,0,0,6,0
3,2,3,0,1,0
2,2,6,0,7,0
2,2,4,1,3,0
2,2,0,0,3,1
2,2,3,0,1,0
2,2,0,0,3,1
2,1,2,0,0,0
2,1,1,0,1,0
2,1,2,0,1,0
2,1,0,0,0,0
2,1,1,0,1,0
2,2,2,0,5,0
2,2,0,0,3,0
3,2,3,0,0,0
2,2,5,0,0,0
2,1,1,0,0,0
2,1,1,0,1,0
3,1,1,0,1,0
2,2,4,0,3,0
2,1,5,0,0,0
2,1,2,0,1,0
2,1,0,0,4,1
2,2,1,0,1,0
2,2,1,0,6,0
2,1,1,0,0,0
2,1,4,0,0,0
2,2,5,0,0,0
2,1,1,0,0,0
2,2,3,0,2,1
2,2,5,0,0,0
2,1,1,0,2,0
2,2,11,0,4,0
2,2,3,0,1,0
2,2,1,0,1,0
2,2,1,0,1,0
2,2,1,0,1,0
2,1,0,0,2,0
2,1,1,0,1,0
2,1,3,0,1,0
2,2,3,0,0,0
2,2,4,0,0,0
2,1,1,0,0,0
2,2,3,0,2,0
2,1,0,0,0,1
3,1,1,0,0,0
2,2,1,0,1,0
2,1,3,0,0,0
2,2,2,0,0,1
2,2,1,0,4,0
2,2,2,2,2,1
2,1,0,0,0,0
2,1,2,0,0,0
2,2,3,0,6,0
2,2,0,0,1,0
2,1,2,0,0,0
2,1,1,0,1,0
2,1,2,0,0,0
2,2,6,0,3,0
2,2,3,0,3,0
2,1,2,0,1,0
2,1,0,0,0,1
2,2,4,0,0,0
2,1,2,0,0,0
2,2,1,0,4,0
2,1,0,0,0,2
2,2,5,0,0,0
2,1,1,0,0,0
2,1,3,0,0,0
2,2,2,0,5,0
2,1,3,0,0,0
2,1,1,0,0,0
2,2,0,0,0,1
2,1,1,0,1,0
2,2,2,0,1,0
2,2,4,0,1,0
2,2,3,0,0,0
2,2,1,0,2,0
2,1,0,0,7,0
2,1,1,0,0,0
2,1,2,0,0,0
2,1,1,0,0,0
2,1,4,0,0,0
2,1,3,0,2,0
2,1,2,0,0,0
2,1,3,0,0,0
2,1,1,0,0,0
2,2,4,1,3,0
4,3,5,0,3,0
2,1,1,0,2,0
2,2,2,0,2,0
2,1,3,0,0,0
2,1,1,0,3,0
2,1,1,0,0,0
2,2,4,0,3,0
2,1,2,0,0,0
2,1,1,0,0,0
2,1,0,0,0,1
2,1,1,0,3,0
2,2,2,0,0,0
2,1,1,0,1,0
2,1,1,0,2,0
2,2,3,0,0,0
2,2,2,0,0,0
2,2,1,0,3,0
2,1,3,0,0,0
2,1,3,0,0,0
2,2,3,0,0,0
2,2,3,0,3,0
2,1,1,0,0,0
2,2,5,0,0,0
2,1,0,0,1,0
2,2,0,0,0,1
2,1,0,0,0,1
2,2,1,0,2,0
2,2,4,0,1,0
2,2,5,0,1,0
2,1,0,0,2,1
2,2,1,0,4,0
2,2,4,0,1,0
2,2,2,0,2,1
2,1,1,0,0,0
2,1,1,0,0,0
2,2,1,0,2,0
2,2,5,0,2,0
2,2,3,0,1,0
2,1,2,0,0,0
2,1,1,0,2,0
2,1,4,0,0,0
2,2,1,0,1,0
2,2,1,0,4,0
2,2,1,0,1,0
2,2,2,0,1,0
2,1,2,0,0,0
2,2,2,0,0,0
2,1,2,0,2,0
2,2,6,0,0,0
2,2,2,0,1,0
2,1,1,0,0,1
2,2,4,0,0,0
2,2,5,1,1,0
3,2,5,0,3,0
2,1,0,0,2,0
2,2,2,1,3,0
2,2,1,0,1,1
2,2,1,0,4,0
2,2,3,0,0,1
2,2,2,0,1,0
2,2,3,0,4,0
2,1,0,0,2,0
2,1,3,0,0,0
2,1,4,0,0,0
2,1,2,0,0,0
2,1,3,0,0,0
2,1,0,0,2,0
2,2,4,0,1,0
2,1,4,0,0,0
2,1,4,0,0,0
2,1,3,0,0,0
2,1,1,0,0,0
2,2,4,0,1,0
2,2,0,0,1,2
2,1,1,0,1,0
2,2,4,0,0,1
2,2,1,0,2,0
2,1,1,0,2,0
2,2,1,1,1,0
6,4,6,0,0,1
2,1,2,0,0,0
2,1,1,0,0,0
2,1,4,0,0,0
2,1,1,0,0,0
2,2,3,0,0,0
2,2,3,0,1,0
2,2,1,0,0,0
2,2,2,0,7,0
2,2,2,0,3,0
2,1,0,0,1,0
2,1,1,0,1,0
2,1,6,0,0,0
2,2,4,0,0,0
2,2,4,0,1,0
2,1,2,0,0,0
2,1,2,0,0,0
2,1,0,0,0,2
2,1,1,0,1,0
2,1,2,0,0,0
2,2,3,0,0,1
2,1,1,0,0,0
2,1,0,0,0,0
2,1,1,0,2,0
2,1,0,0,2,1
2,1,3,0,0,0
2,1,0,0,8,0
2,1,4,0,1,0
2,1,3,0,1,0
2,2,1,0,3,0
2,1,1,0,0,0
2,1,1,0,0,0
2,1,1,0,0,0
2,1,1,0,0,0
2,1,2,0,1,0
2,2,2,0,1,0
2,1,1,0,1,0
2,2,0,0,1,1
2,2,7,0,1,0
2,1,2,0,0,0
2,1,2,0,0,0
2,2,2,0,3,2
2,1,1,0,0,0
2,1,2,0,0,0
2,2,1,0,2,0
2,2,2,0,1,0
2,1,3,0,0,0
2,1,1,0,0,0
2,1,1,0,2,0
2,1,1,0,1,0
2,1,1,0,0,0
2,1,1,0,0,0
2,1,1,0,0,0
2,2,3,0,0,0
2,1,0,0,0,1
2,1,3,0,0,0
2,2,1,0,1,0
2,1,1,0,0,0
4,2,8,0,0,0
2,1,0,0,0,0
2,2,5,1,1,0
2,2,2,0,0,0
2,2,3,0,1,0
2,1,0,0,1,0
2,1,2,0,0,0
2,1,0,0,0,1
2,1,0,0,1,0
2,1,1,0,1,0
2,2,0,0,5,0
2,2,4,0,1,0
8,5,11,0,2,0
2,2,1,0,2,0
2,2,4,0,2,0
2,1,1,0,0,0
2,1,2,0,0,0
2,2,1,0,2,0
2,2,2,0,1,1
2,1,1,0,1,0
2,1,1,0,0,0
2,1,1,0,0,1
2,1,1,0,0,0
2,2,6,0,2,0
2,2,3,0,2,0
2,2,4,0,1,0
2,2,1,0,2,0
2,2,3,0,2,0
2,1,2,0,0,0
2,2,5,0,0,0
2,1,0,0,3,0
2,1,1,0,1,0
2,2,8,0,1,1
2,1,0,0,2,1
2,1,2,0,0,0
2,2,1,0,1,0
2,2,1,0,4,0
2,2,5,0,2,1
2,2,1,0,0,1
2,1,1,0,0,0
2,1,2,0,0,0
2,2,0,0,3,2
2,2,0,0,5,1
2,2,4,0,0,0
2,2,3,0,3,0
2,1,4,0,0,0
2,1,1,0,0,0
2,2,5,0,1,0
2,1,1,0,2,0
2,1,2,0,0,0
2,2,1,0,1,0
2,2,6,0,0,0
2,2,2,0,2,0
2,1,1,0,1,0
2,1,0,0,1,0
2,2,2,0,0,1
2,2,3,0,1,0
2,1,2,0,2,0
2,1,2,0,1,0
2,2,2,0,5,0
2,2,7,0,0,0
2,1,2,0,0,0
2,2,1,0,0,2
2,1,0,0,1,0
2,1,1,0,1,0
2,1,2,0,0,0
2,2,3,0,0,0
3,1,2,0,2,0
2,1,1,0,2,0
2,1,1,0,0,0
3,2,4,0,1,0
2,1,2,0,0,0
2,2,2,0,3,0
2,2,4,0,0,0
2,2,4,0,0,0
2,1,1,0,0,0
2,1,1,0,0,0
2,2,4,0,1,0
2,1,1,0,0,0
2,2,0,0,3,1
2,2,1,0,3,0
2,1,4,0,0,0
2,2,0,0,3,2
2,2,3,0,0,0
2,1,0,0,0,1
3,1,1,0,0,0
2,1,1,0,0,0
2,2,3,0,2,0
2,1,0,0,1,0
2,1,1,0,0,0
2,1,0,0,0,0
2,1,1,0,0,0
3,2,1,0,6,0
2,1,0,0,6,0
2,1,2,0,0,0
2,2,1,0,3,0
2,2,4,0,0,0
2,1,1,0,1,0
2,1,2,0,1,0
2,2,2,0,1,0
2,1,4,0,0,0
2,1,0,0,0,1
2,1,2,0,0,0
2,1,1,0,3,0
2,1,5,0,0,0
2,2,3,0,3,0
2,1,3,0,0,0
2,2,2,0,4,0
2,1,1,0,0,0
2,1,1,0,0,0
2,2,0,0,4,1
2,1,1,0,0,0
2,2,2,0,3,0
2,1,1,0,0,0
2,1,0,0,0,1
2,2,1,0,2,0
2,1,1,0,0,0
2,2,1,0,2,0
2,2,5,0,0,0
2,2,3,0,0,0
2,1,0,0,7,0
2,2,1,1,1,0
2,1,1,0,1,0
2,2,1,0,2,0
2,1,0,0,1,0
2,2,3,0,5,1
2,2,2,0,0,1
2,1,0,0,0,0
2,2,3,0,0,0
2,1,2,0,6,0
2,2,5,0,0,0
2,1,1,0,0,0
2,1,4,0,0,0
2,2,1,0,2,0
2,2,3,0,0,0
2,1,1,0,0,0
2,2,2,0,3,0
2,1,0,0,0,1
2,1,1,0,0,0
2,2,1,0,1,0
2,2,2,1,0,1
2,2,3,0,7,0
2,1,1,0,0,1
2,4,5,0,2,0
2,1,3,0,3,0
2,1,3,0,0,0
2,1,1,0,1,0
2,2,4,0,4,1
2,2,2,0,1,0
2,2,1,0,0,1
2,2,1,0,1,1
2,1,1,0,1,0
2,1,1,0,0,0
2,1,2,0,0,0
2,2,4,0,2,0
2,1,1,0,0,0
2,1,0,0,6,0
2,1,1,0,0,0
2,1,0,0,6,0
2,1,2,0,0,0
2,1,1,0,0,0
2,2,0,0,2,1
2,2,0,0,8,0
2,1,1,0,0,0
2,2,2,0,3,0
2,1,1,0,0,0
2,1,0,0,0,1
2,2,3,0,1,0
3,1,1,0,0,0
2,1,1,0,0,0
2,2,3,0,4,1
2,1,3,0,0,0
2,1,2,0,0,0
2,2,4,1,6,0
2,1,0,0,2,1
2,1,1,0,1,1
2,2,5,0,7,0
2,2,2,0,0,1
2,1,2,0,2,0
2,2,0,0,1,0
2,1,1,0,0,0
2,2,3,0,1,0
2,1,1,0,4,0
2,2,4,0,2,0
2,2,1,0,2,0
2,1,1,0,0,0
2,1,1,0,0,0
2,1,2,0,0,0
2,2,3,0,1,0
2,1,0,0,3,1
2,2,1,0,1,0
2,1,1,0,0,0
2,1,2,0,0,0
2,1,3,0,0,0
2,1,0,0,6,0
2,1,1,0,0,1
2,2,3,0,0,0
2,1,0,0,3,0
2,1,2,0,0,0
2,2,4,0,2,0
2,1,3,0,0,0
2,1,1,0,0,0
2,2,3,0,2,0
2,2,2,0,1,0
2,1,0,0,4,0
2,2,2,0,4,0
2,1,0,0,0,1
2,2,6,0,0,0
2,1,1,0,1,0
2,1,1,0,0,0
2,2,3,0,1,0
2,1,0,0,5,0
2,2,1,0,1,0
2,1,1,0,0,0
2,1,0,0,4,0
2,1,2,0,1,0
2,1,0,0,4,1
2,1,3,0,0,0
2,2,1,0,3,0
2,1,1,0,3,0
2,2,2,0,3,0
2,2,6,1,0,0
2,2,1,0,1,0
2,1,1,0,0,0
2,3,8,3,2,0
2,2,3,0,0,1
2,1,4,0,0,0
2,1,0,0,1,0
2,2,1,0,2,0
2,1,1,0,1,0
2,2,4,0,1,0
2,2,4,0,2,0
2,1,2,0,0,0
2,1,1,0,2,0
2,1,1,0,1,0
2,2,6,0,2,1
2,1,3,0,0,0
2,2,0,0,3,0
2,2,1,0,2,1
2,1,1,0,0,0
2,1,1,0,2,0
2,1,1,0,2,0
2,2,7,0,4,0
2,1,1,0,0,0
2,1,2,0,4,0
3,1,0,0,0,1
2,2,5,0,0,0
2,1,1,0,1,0
2,2,3,0,1,1
2,2,0,0,1,1
2,2,1,0,3,0
2,1,1,0,0,0
2,2,3,0,2,0
2,1,1,0,0,0
2,2,4,0,0,0
2,2,5,0,1,1
2,2,3,0,0,0
2,2,3,0,1,1
2,2,4,0,0,0
2,2,6,0,2,0
2,1,2,0,0,0
2,1,1,0,0,1
2,2,1,0,2,0
2,1,1,0,2,0
3,2,6,0,1,0
2,2,0,0,6,0
2,2,6,0,1,0
2,1,3,0,0,0
2,1,2,0,0,0
2,1,2,0,0,0
2,2,3,0,0,0
2,2,0,0,0,1
2,2,3,0,1,1
2,2,1,0,1,1
2,1,2,0,0,0
4,3,4,1,0,0
2,1,2,0,0,0
2,2,1,0,1,0
2,1,3,1,0,0
2,2,3,0,6,0
2,1,1,0,1,0
2,1,1,0,0,0
2,2,3,0,1,0
2,1,1,0,0,0
2,1,1,0,0,0
2,2,6,0,0,0
2,2,3,0,0,0
2,2,1,0,1,0
2,1,1,0,1,0
2,1,1,0,4,0
2,2,2,0,4,1
2,2,3,0,0,0
2,1,2,0,3,0
2,1,1,0,3,0
2,1,0,0,6,0
2,1,1,0,0,0
2,1,2,0,0,0
2,1,1,0,2,0
2,1,1,0,1,0
2,2,1,0,2,1
2,2,3,0,2,0
2,2,1,0,2,0
2,1,1,0,0,0
2,2,1,0,2,0
2,2,1,1,0,0
2,1,1,0,0,1
2,2,2,0,0,1
2,2,3,0,0,0
2,1,3,0,2,0
3,1,4,0,0,0
2,1,1,0,2,0
2,1,1,0,0,0
2,1,3,0,0,0
2,1,1,0,0,0
2,1,0,0,1,0
2,2,3,0,0,0
2,1,2,0,0,0
2,1,0,0,2,1
2,2,0,0,1,1
2,1,1,0,0,0
2,2,1,0,1,0
2,1,0,0,0,0
2,1,0,0,4,0
2,2,2,1,3,1
2,1,1,0,0,0
2,1,0,0,1,1
2,1,2,0,2,0
2,1,2,0,1,0
2,1,1,0,0,0
2,1,0,0,0,1
2,2,5,0,0,0
2,2,1,0,0,1
2,2,3,0,0,0
2,1,1,0,0,0
2,2,3,0,2,0
2,2,4,0,2,0
2,2,4,0,0,1
2,2,3,0,2,0
2,2,2,0,2,0
2,1,0,0,6,0
2,1,0,0,1,0
2,2,0,0,3,2
2,1,1,0,0,0
2,2,3,0,1,0
2,1,2,0,0,0
3,1,4,0,0,0
2,2,2,0,0,1
2,1,2,0,0,0
2,1,0,0,4,0
2,2,5,1,0,0
2,2,6,0,2,0
2,1,0,0,0,0
2,1,1,0,0,0
2,2,3,0,0,0
2,1,1,0,0,0
2,1,0,0,4,0
2,2,3,0,2,0
2,2,2,0,1,0
2,2,4,0,4,0
2,1,1,0,0,0
2,2,1,0,2,0
3,2,2,0,0,1
2,1,1,0,0,0
2,1,2,0,0,0
2,2,4,0,0,0
2,2,3,0,1,0
2,2,5,0,2,0
2,1,1,0,0,0
2,2,3,0,2,0
2,2,4,0,1,0
2,2,0,0,4,0
2,1,2,0,0,0
2,2,0,0,1,2
2,1,1,0,1,0
2,1,2,0,5,0
2,1,0,0,1,0
2,2,2,0,1,0
2,2,3,0,1,0
2,2,0,0,0,1
2,1,1,0,4,0
2,1,2,0,1,0
2,2,1,0,1,0
2,2,1,0,5,0
2,2,3,0,2,0
2,2,1,0,1,0
2,1,0,0,0,1
2,1,1,0,0,0
2,2,6,0,0,0
2,1,2,0,0,0
2,1,0,0,0,2
2,1,1,0,0,0
2,1,1,0,0,0
2,1,1,0,0,0
2,1,1,0,0,0
2,2,2,0,1,0
2,1,0,0,2,1
2,2,2,0,2,2
2,1,0,0,2,1
2,2,1,0,1,0
2,2,5,1,0,0
2,1,2,0,0,0
2,2,3,0,2,0
2,2,1,0,0,1
2,1,1,0,1,0
2,2,7,0,0,0
2,1,1,0,0,0
2,1,6,0,0,0
2,2,5,0,0,0
2,1,1,0,0,0
2,1,2,0,4,0
2,1,1,0,0,0
2,1,0,0,0,1
2,2,2,0,1,0
2,1,4,0,2,0
2,1,3,0,0,0
2,1,1,0,0,0
2,2,3,0,1,0
2,2,3,0,2,0
2,1,1,0,0,0
2,1,1,0,0,0
2,2,3,0,8,0
2,2,3,0,1,0
2,1,2,0,1,1
2,1,1,0,1,0
2,1,0,0,4,0
3,2,3,0,5,0
2,1,1,0,1,0
2,1,1,0,0,0
2,1,1,0,0,0
2,1,2,0,0,0
2,2,3,0,1,0
2,1,1,0,1,0
3,2,0,0,0,1
2,1,3,0,0,0
2,1,1,0,0,0
2,1,2,0,1,0
2,1,1,0,0,0
2,2,4,0,2,0
2,1,2,0,0,0
2,2,2,0,7,0
2,1,0,0,0,0
2,1,1,0,0,0
2,1,2,0,1,0
2,2,1,0,2,0
2,2,1,0,2,0
2,1,2,0,0,0
2,1,1,0,0,0
2,2,1,0,1,0
2,2,1,0,3,0
2,2,4,0,1,0
2,2,3,0,0,0
2,1,0,0,3,0
2,1,0,0,2,0
2,2,2,0,1,0
2,1,1,0,0,0
2,1,1,0,0,0
2,1,4,0,0,0
2,1,2,0,0,0
2,1,0,0,5,0
2,2,2,0,0,0
2,2,2,0,2,0
2,2,5,0,0,0
2,1,3,0,0,0
2,2,1,0,1,0
2,1,0,0,3,0
2,2,3,0,0,0
2,2,1,0,4,0
2,2,1,0,2,0
2,1,3,0,0,0
2,2,3,0,2,1
2,2,3,0,0,2
2,1,2,0,0,0
2,1,1,0,2,0
2,1,1,0,2,0
2,2,2,0,0,0
2,1,2,0,0,0
2,1,1,0,0,1
2,2,3,2,0,1
2,1,0,0,0,1
2,1,1,0,0,0
2,2,3,0,0,1
2,1,1,0,0,0
2,2,0,0,3,1
3,1,1,0,0,0
2,2,4,0,4,0
2,1,3,0,0,0
2,1,1,0,0,0
2,1,1,0,2,0
2,2,2,1,1,0
2,2,0,0,2,1
2,2,5,0,0,0
2,1,4,0,1,0
2,1,1,0,0,0
2,2,6,0,0,0
2,2,1,0,2,0
2,1,0,0,7,0
2,1,1,0,1,0
3,1,3,0,0,0
2,1,2,0,0,0
2,1,2,0,0,0
2,2,1,0,1,1
7,6,12,1,6,0
2,2,3,0,1,0
2,1,1,0,0,0
2,2,6,0,1,0
2,1,3,0,0,0
2,1,1,0,0,0
2,1,1,0,1,0
2,2,0,0,11,0
2,1,2,0,3,0
2,2,3,0,3,0
2,1,1,0,0,0
2,1,1,0,0,0
2,2,1,0,3,0
2,1,1,0,0,0
2,2,0,0,3,1
2,2,1,0,2,0
2,2,2,0,1,1
2,2,1,0,3,1
2,1,1,0,2,0
2,2,1,0,1,0
2,1,3,0,0,0
2,1,2,0,0,0
2,1,3,0,0,0
2,1,2,0,0,0
2,1,0,0,6,0
2,2,1,0,2,0
2,1,1,0,0,0
2,2,1,0,2,0
2,1,1,0,0,0
2,1,1,0,0,0
2,2,1,0,0,1
2,2,4,0,0,0
2,1,1,0,0,1
2,2,2,0,1,0
2,2,4,0,2,0
2,1,0,0,5,1
2,1,1,0,0,0
2,2,1,0,3,1
2,1,3,0,0,0
2,1,0,0,0,1
2,2,3,0,0,0
2,1,0,0,0,1
2,2,1,0,1,0
2,1,1,0,0,0
2,2,2,0,0,1
2,1,1,0,0,1
2,3,5,0,3,0
2,1,1,0,1,0
2,1,1,0,0,0
2,2,1,0,2,0
2,2,1,0,5,0
2,1,2,0,1,0
2,1,1,0,0,0
2,2,4,0,1,0
2,2,1,0,1,0
2,1,0,0,2,1
2,2,3,0,0,0
2,4,5,0,1,0
2,2,1,0,2,0
2,2,2,0,2,0
2,1,1,0,1,0
2,1,4,0,0,0
2,1,3,0,0,0
2,1,1,0,0,0
2,1,1,0,0,0
2,1,4,0,0,0
2,1,1,0,0,1
2,1,2,0,1,0
2,2,3,0,1,0
2,2,1,0,1,0
2,2,2,0,1,0
2,1,2,0,4,0
2,2,3,0,0,0
2,1,1,0,1,0
2,1,2,0,0,0
2,2,1,0,0,1
2,1,5,0,0,0
2,1,1,0,0,0
4,1,0,0,0,1
2,1,1,0,0,0
2,2,1,0,2,0
2,1,0,0,2,1
2,1,1,0,0,0
3,2,4,0,0,0
2,1,1,0,0,0
2,1,1,0,0,0
2,2,4,0,2,0
2,2,5,1,5,0
2,2,1,0,1,0
2,2,1,0,3,0
2,2,7,0,1,0
2,1,0,0,3,1
2,1,1,0,0,0
2,1,3,0,0,0
2,2,1,0,1,0
2,2,1,0,3,0
2,1,1,0,3,0
2,2,2,0,6,1
2,2,3,1,0,0
2,2,4,0,2,0
2,1,1,0,0,0
2,1,1,0,0,0
2,3,4,0,2,0
2,2,1,0,2,0
2,1,1,0,0,0
2,2,4,0,2,0
2,1,2,0,0,0
2,1,1,0,0,0
2,1,4,0,0,0
2,2,4,0,2,0
2,2,3,0,1,0
2,1,0,0,6,0
2,2,3,0,0,0
2,1,1,0,0,0
2,1,3,0,0,0
2,1,1,0,2,0
2,1,3,0,0,0
2,1,2,0,0,0
2,2,5,0,0,0
2,1,3,0,0,0
2,1,0,0,1,0
2,2,1,0,2,0
2,1,1,0,0,0
2,2,1,0,0,0
2,2,1,0,4,1
2,1,1,0,2,0
2,1,3,0,1,0
2,1,0,0,4,1
2,2,0,0,7,0
2,1,1,0,1,0
2,2,4,0,0,0
3,2,7,0,0,0
2,2,4,0,0,0
2,1,1,0,1,0
2,1,0,0,0,1
2,2,1,0,5,0
2,1,2,0,0,0
2,2,2,0,1,0
2,1,3,0,0,0
2,1,3,0,0,0
2,1,1,0,1,0
2,2,3,0,1,1
2,2,5,0,2,0
2,3,4,0,4,0
2,1,2,0,0,0
2,1,1,0,0,0
2,2,0,0,5,0
2,2,1,0,5,0
2,2,3,0,0,0
2,2,2,0,3,1
2,1,2,0,0,0
2,1,1,0,2,0
2,1,2,0,0,0
2,1,1,0,0,0
2,2,3,0,0,0
2,2,3,0,0,0
2,2,3,0,3,0
2,1,5,0,0,0
2,1,0,0,2,1
2,1,1,0,0,0
3,1,0,0,2,1
2,1,1,0,0,0
2,2,1,0,6,0
2,1,1,0,2,0
2,2,1,0,2,2
2,1,1,0,1,0
2,1,3,0,0,0
2,2,1,0,0,1
2,2,1,0,4,0
2,2,1,0,1,0
2,2,2,0,6,0
2,1,1,1,1,0
2,1,0,0,0,0
2,1,1,0,0,0
2,1,0,0,2,1
2,1,2,0,1,0
2,2,5,0,5,0
2,1,1,0,2,1
2,1,1,0,0,0
2,2,6,0,0,0
2,2,0,0,3,1
2,1,10,0,0,0
2,1,2,0,5,0
2,1,1,0,1,0
3,2,4,0,0,0
2,2,5,0,2,1
2,1,1,0,0,0
2,1,0,0,2,0
2,1,1,0,2,0
2,1,1,0,0,0
2,1,1,0,2,0
2,2,4,0,5,0
2,2,2,1,0,1
2,2,4,0,4,0
2,1,1,0,0,0
2,1,3,0,2,0
2,1,1,0,1,0
2,1,1,0,0,0
2,2,3,0,2,0
2,2,0,0,6,1
2,1,2,0,2,0
2,1,3,0,0,0
2,2,0,0,5,0
2,2,2,0,0,0
2,1,2,0,1,0
2,1,2,0,2,0
2,2,3,0,1,0
2,2,1,0,3,0
2,1,0,0,0,1
2,1,1,0,0,0
2,2,1,0,5,0
2,2,5,0,0,0
2,1,1,0,0,0
2,2,3,0,0,0
2,2,3,0,1,0
2,2,1,0,0,0
2,2,3,0,0,0
2,1,2,0,0,0
2,1,1,0,0,0
2,2,2,0,1,0
2,1,1,0,2,0
2,2,3,0,2,0
2,2,1,0,3,1
2,1,0,0,3,0
2,1,1,0,2,0
2,2,4,0,5,0
2,1,2,0,0,0
2,2,5,0,0,0
2,1,1,0,0,0
4,3,9,0,0,0
2,1,2,0,0,0
2,1,2,0,0,1
2,2,2,0,0,1
2,1,2,0,0,0
2,2,4,1,0,0
2,1,1,0,0,0
2,1,1,0,1,0
2,1,2,0,0,0
2,2,3,0,0,0
3,2,2,0,1,0
2,2,3,0,0,1
2,1,1,0,1,0
2,2,3,0,1,0
2,1,1,0,0,0
2,1,0,0,1,0
2,2,1,0,2,0
2,2,2,0,1,0
2,1,0,0,8,0
2,1,3,0,0,0
2,1,1,0,2,0
2,1,0,0,3,1
2,1,3,0,3,0
2,1,3,0,0,0
2,1,0,0,1,0
2,2,0,0,1,0
3,3,1,0,0,1
2,1,0,0,0,2
2,2,3,0,2,0
2,1,1,0,0,1
2,2,1,0,1,0
2,1,0,0,5,0
2,2,1,0,1,0
2,1,0,0,0,1
2,1,2,0,0,0
2,1,0,0,2,1
2,2,4,0,0,0
2,1,0,0,0,1
2,2,5,0,0,0
2,1,1,0,0,0
2,1,3,0,0,0
2,2,4,0,5,1
2,1,2,0,0,0
2,1,4,0,0,0
2,2,4,0,1,0
2,2,3,0,0,0
2,2,1,0,1,0
2,2,3,0,0,0
2,1,1,0,0,0
3,1,3,0,0,0
2,1,1,0,1,0
2,1,1,0,1,0
2,2,5,0,0,0
2,2,2,0,2,0
2,1,1,0,0,0
2,1,1,0,1,0
2,1,1,0,1,0
2,1,1,0,0,0
2,1,4,0,0,0
2,2,1,0,2,0
2,2,9,0,0,0
2,2,1,0,2,0
2,1,0,0,0,0
2,1,3,0,0,0
2,2,5,0,1,0
3,1,1,0,0,0
2,2,4,0,1,0
2,2,4,0,2,0
2,1,0,0,0,1
2,1,3,0,0,0
2,2,3,1,0,0
2,2,3,0,2,0
2,1,4,0,0,0
2,1,3,0,0,0
2,1,1,0,1,0
2,2,1,0,1,0
2,2,5,0,1,0
9,4,12,0,1,1
2,1,1,0,3,0
2,2,2,0,1,0
2,2,2,0,2,0
2,1,0,0,1,0
2,1,0,0,0,2
2,2,0,0,1,1
2,1,0,0,0,1
2,1,1,0,0,0
2,1,1,0,0,0
2,2,1,0,2,0
2,1,3,0,0,0
2,1,0,0,4,0
2,1,1,0,0,0
2,1,2,0,2,0
2,2,3,0,3,0
2,2,1,0,0,0
2,2,5,0,0,0
2,1,2,0,0,0
2,1,3,0,0,0
2,1,1,0,1,0
2,1,2,0,0,0
2,1,1,0,0,0
2,1,1,0,1,0
2,1,0,0,5,0
2,2,4,0,3,0
2,1,2,0,0,0
2,2,1,0,1,0
2,1,1,0,0,0
2,1,2,0,0,0
2,2,4,0,1,0
2,1,1,0,0,0
2,2,3,0,0,0
2,1,0,0,1,0
2,2,3,0,4,0
2,1,3,0,0,1
2,1,1,0,0,0
2,2,1,0,0,0
2,1,1,0,0,0
2,1,1,0,1,0
2,1,2,0,0,0
14,4,14,0,5,0
2,1,1,0,0,0
2,2,4,0,1,0
2,1,1,0,3,0
2,2,5,0,5,0
2,2,1,0,2,0
2,1,0,0,6,0
2,1,5,0,0,0
2,2,3,0,3,0
2,1,1,0,1,0
2,1,2,0,1,0
4,1,4,0,0,0
2,1,1,0,1,0
2,2,1,3,1,0
3,1,4,0,0,0
2,2,1,0,1,0
2,1,1,0,0,1
2,1,2,0,0,0
2,1,2,0,0,0
2,2,2,0,5,0
2,1,1,0,0,0
2,1,0,0,2,0
2,1,2,0,3,0
2,1,1,0,0,0
2,1,2,0,0,0
2,2,6,0,1,0
2,1,2,0,2,0
2,1,3,0,0,0
2,2,4,0,0,0
2,2,3,0,1,1
2,2,1,0,2,0
2,1,0,0,0,1
2,1,1,0,0,0
2,1,2,0,2,0
2,1,1,0,1,0
2,2,4,0,0,0
2,2,2,0,1,0
2,1,2,0,0,0
2,1,4,0,0,0
2,2,1,0,3,1
2,1,1,0,1,0
2,1,4,0,0,0
2,1,1,0,0,0
2,1,1,0,3,0
2,1,2,0,0,0
2,1,1,0,0,0
2,1,2,0,2,0
2,1,1,0,1,0
2,1,0,0,2,0
3,2,3,0,0,0
2,2,1,0,3,0
2,2,3,0,5,0
2,2,4,0,0,1
2,1,0,0,1,1
6,4,9,0,6,0
2,2,2,0,0,1
2,2,6,0,0,0
2,2,5,0,2,0
2,1,1,0,2,0
2,1,1,0,0,0
2,1,3,0,0,0
2,1,1,0,1,0
2,2,4,0,2,0
2,1,1,0,1,0
3,1,0,0,2,0
2,1,1,0,0,0
2,1,2,0,0,0
2,2,4,0,1,0
2,1,3,0,0,0
2,1,0,0,5,0
2,2,5,0,3,0
2,2,1,1,0,0
2,1,2,0,0,0
2,1,0,0,0,1
2,2,5,0,0,1
2,2,3,0,0,1
2,1,3,0,0,0
2,1,0,0,2,1
2,2,1,0,2,0
2,1,2,0,0,0
2,1,2,0,0,0
2,2,3,0,1,0
2,1,5,0,0,0
2,1,1,0,1,0
2,1,2,0,0,0
2,1,0,0,6,0
2,2,4,0,0,0
2,2,3,0,0,0
2,2,4,0,0,0
2,2,4,0,0,0
2,2,2,0,2,0
2,1,1,0,0,0
2,2,3,0,3,0
2,1,1,0,0,0
2,2,4,0,0,0
2,2,2,0,1,2
2,1,1,0,0,0
2,1,2,0,0,0
2,1,1,0,0,0
2,2,3,0,1,0
2,1,1,0,0,0
2,2,0,0,1,1
2,1,2,0,0,0
2,1,1,0,0,0
2,2,3,0,4,0
2,1,3,0,1,0
2,2,3,0,0,1
3,2,4,0,0,0
2,2,2,0,0,0
2,2,1,0,2,1
3,1,2,0,0,0
2,2,4,0,1,0
5,5,8,0,1,0
2,2,5,0,0,0
2,2,1,0,1,0
2,2,3,0,0,1
2,1,4,0,0,0
2,2,1,0,6,0
2,2,1,1,5,0
2,1,0,0,2,0
2,2,1,0,1,0
2,2,3,0,2,0
2,1,3,0,0,0
2,1,0,0,1,1
3,3,1,0,2,0
2,1,1,0,0,0
2,1,1,0,0,0
2,1,0,0,1,1
2,1,1,0,0,0
2,1,2,0,2,0
2,2,3,0,3,0
2,1,3,0,0,0
2,1,1,0,1,0
2,2,2,0,1,0
2,2,4,1,2,0
2,1,0,0,2,0
2,1,2,0,0,0
2,2,1,0,1,0
2,1,3,0,0,0
2,1,2,0,0,0
3,1,1,0,0,0
2,1,1,0,0,0
2,2,1,0,2,0
2,2,1,0,1,0
2,2,2,0,1,0
2,1,0,0,3,0
4,3,5,0,0,1
2,1,1,0,1,0
2,1,1,0,0,0
2,1,1,0,1,0
2,1,2,0,0,0
2,2,3,0,2,0
2,1,1,0,0,0
2,1,1,0,5,0
2,2,3,0,0,0
3,3,1,0,1,2
2,2,3,0,2,0
2,2,0,0,1,1
2,1,1,0,0,0
2,2,1,0,3,0
2,1,2,0,0,0
2,2,5,0,0,1
2,1,2,0,0,0
2,1,2,0,0,0
2,2,3,0,2,0
2,1,1,0,0,0
3,1,1,0,0,0
2,1,2,0,0,0
2,1,1,0,0,0
2,2,3,0,0,0
2,1,2,0,0,0
2,1,1,0,1,0
2,2,1,0,4,0
3,2,1,0,2,0
2,2,3,0,0,0
2,1,2,0,0,0
2,2,6,0,2,0
2,1,0,0,6,0
2,1,1,0,0,1
2,2,3,0,1,0
2,2,1,0,1,0
2,1,1,0,3,0
2,1,1,0,1,0
2,1,2,0,1,0
2,2,2,0,1,0
2,1,2,0,0,0
2,1,1,0,0,0
2,2,1,0,2,1
2,1,0,0,5,0
2,1,2,0,1,0
2,2,3,0,2,0
2,2,3,0,0,0
2,2,3,0,1,0
2,2,2,0,0,1
2,1,2,0,1,0
2,1,1,0,0,0
2,1,3,0,0,0
2,1,2,0,1,0
2,1,1,0,1,0
2,1,1,0,0,0
2,1,2,0,0,1
2,1,3,0,0,0
2,2,1,0,1,0
2,1,1,0,0,0
2,1,1,0,0,0
2,2,1,0,1,0
2,2,3,0,2,0
2,1,0,0,2,0
2,2,4,0,0,0
3,2,2,0,1,0
2,1,3,0,0,0
2,1,2,0,0,0
2,1,2,0,0,0
2,1,3,0,1,0
2,1,4,0,0,0
2,2,3,0,1,0
2,1,1,0,0,1
2,2,4,0,0,0
4,3,2,0,7,0
2,2,1,0,4,0
2,1,1,0,2,0
2,1,1,0,0,0
2,2,0,0,4,1
2,1,1,0,0,0
2,1,1,0,1,0
2,1,1,0,0,0
2,2,2,0,1,0
2,2,3,0,1,0
2,1,1,0,1,0
2,2,0,0,0,1
2,1,0,0,1,0
2,1,2,0,0,0
2,2,2,0,6,0
2,2,4,1,3,0
2,2,1,2,2,0
2,1,1,0,0,0
2,2,3,0,0,0
2,1,2,0,0,0
2,1,1,0,0,0
2,2,0,0,5,1
2,1,0,0,0,0
2,2,4,5,2,0
2,1,1,0,0,0
2,2,3,0,2,0
2,2,7,0,0,0
2,1,0,0,0,1
2,1,1,0,0,0
2,1,0,0,6,0
2,2,4,0,1,0
2,1,1,0,0,0
2,2,3,0,0,1
2,1,2,0,0,0
2,1,1,0,2,0
2,1,2,0,0,0
2,1,1,0,0,0
2,1,3,0,0,0
2,2,3,0,1,0
2,1,3,0,1,0
2,1,1,0,0,0
2,1,1,0,2,0
3,2,4,1,3,0
2,1,0,0,1,0
2,1,0,0,0,1
2,2,2,0,2,0
2,1,1,0,0,1
2,1,1,0,0,0
3,1,2,0,0,0
2,1,0,0,1,0
3,1,1,0,1,0
2,1,2,0,0,0
2,2,1,0,1,0
2,1,3,0,0,0
3,2,2,0,2,0
2,2,1,0,2,0
2,2,5,0,0,0
2,1,0,0,1,0
2,1,0,0,1,1
2,1,1,0,0,0
2,1,2,0,2,0
2,2,2,0,1,0
2,1,1,0,0,0
2,1,1,0,0,0
2,1,1,0,0,0
2,2,0,0,3,1
2,2,4,0,0,0
2,1,1,0,3,0
2,2,5,0,2,0
2,1,1,0,1,0
2,1,4,0,0,0
2,1,2,0,0,0
2,1,1,0,1,0
2,2,0,0,5,0
2,1,1,0,0,0
2,1,2,0,0,0
3,1,4,0,0,0
2,2,4,1,0,0
2,1,1,0,0,0
2,2,4,0,0,0
2,1,2,0,0,0
2,2,1,0,3,0
2,2,0,0,1,1
2,1,1,0,1,0
2,1,0,0,0,0
2,1,1,0,0,0
2,2,4,0,0,1
2,2,1,0,2,0
2,2,1,0,3,0
2,2,2,0,2,0
3,3,3,0,6,0
2,1,1,0,1,0
2,1,4,0,0,0
2,2,2,0,0,0
3,2,1,0,1,0
2,1,0,0,4,0
2,2,2,0,0,0
2,1,0,0,1,0
2,2,4,0,0,0
2,1,1,0,2,0
2,1,1,0,1,0
2,1,2,0,0,0
2,1,1,0,2,0
2,1,2,0,0,0
2,2,3,0,2,0
2,1,4,0,0,0
2,2,2,0,1,1
2,2,1,0,3,0
2,2,2,0,3,0
2,2,5,0,0,0
2,2,3,0,0,0
2,2,4,0,0,0
2,1,1,0,2,0
2,2,3,0,0,0
2,1,1,0,0,0
2,1,1,0,2,0
2,2,3,1,1,0
2,2,2,0,3,0
2,1,1,0,0,0
2,1,1,0,2,0
2,1,0,0,2,1
2,2,3,0,2,0
3,2,5,0,0,0
2,1,3,0,0,0
2,1,1,0,0,0
2,1,2,0,1,0
2,1,0,0,0,1
2,2,2,0,5,0
2,2,3,0,0,0
2,1,2,0,0,0
2,1,2,0,0,0
2,1,1,0,2,0
2,1,6,0,0,0
2,1,4,0,0,0
2,1,3,0,0,0
2,2,1,0,1,1
2,2,1,0,3,0
2,1,1,0,2,0
2,1,1,0,0,0
2,1,2,0,3,0
2,2,3,0,0,1
2,1,1,0,2,0
2,2,2,0,1,0
2,1,1,0,1,0
2,2,1,0,2,0
2,1,0,0,0,1
2,1,2,0,1,0
2,1,2,0,0,0
2,2,4,1,0,0
2,2,0,0,3,1
2,1,1,0,0,0
2,2,5,0,3,0
2,1,0,0,0,1
2,2,3,0,0,0
2,1,2,0,0,0
2,2,3,0,0,0
4,2,2,0,5,0
2,2,1,0,1,0
2,1,1,0,1,0
2,1,2,0,0,0
2,2,7,0,1,0
2,2,0,0,1,0
2,2,1,0,1,0
2,1,1,0,1,0
2,1,1,0,0,0
2,1,1,0,2,0
2,1,1,0,0,0
2,1,1,0,0,0
2,1,0,0,0,1
2,1,1,0,0,0
2,1,3,0,4,0
2,2,3,0,0,0
2,1,1,0,1,0
2,2,2,0,0,0
3,1,1,0,1,0
2,2,1,0,1,0
2,1,4,0,0,0
2,1,1,0,1,0
2,1,1,0,0,0
2,1,2,0,0,0
2,1,1,0,0,0
2,1,3,0,0,0
2,1,1,0,1,0
2,1,1,0,0,0
2,2,2,0,2,1
2,1,0,0,2,0
2,2,1,0,4,0
2,1,3,0,2,0
2,2,2,0,2,0
2,2,3,0,1,0
2,2,4,0,2,0
2,2,3,0,1,0
2,1,1,0,3,0
2,2,3,0,4,0
2,2,4,0,0,0
2,1,1,0,1,0
2,1,1,0,4,0
2,1,4,0,0,0
2,2,2,0,4,1
2,1,0,0,0,1
2,1,1,0,0,0
2,1,4,0,1,0
2,1,4,0,2,0
2,1,3,0,3,0
2,2,1,0,3,0
2,1,3,0,1,0
2,1,2,0,0,0
2,2,1,0,2,0
2,1,0,0,1,0
2,2,4,0,1,0
2,2,1,0,1,0
2,1,0,0,4,0
2,2,0,0,4,0
2,1,1,0,0,0
2,1,1,0,1,0
2,2,1,0,3,0
5,4,7,0,2,0
2,2,0,0,8,0
2,1,0,0,0,0
2,1,1,0,1,0
2,1,1,0,0,0
2,1,0,0,0,1
2,1,1,0,2,0
2,1,2,0,0,0
2,2,3,0,1,0
2,1,3,0,0,0
2,1,2,0,0,0
2,2,3,0,1,0
2,2,1,0,2,1
2,1,2,0,0,0
2,1,2,0,0,0
2,1,4,0,0,0
2,1,3,0,0,0
2,1,1,0,0,0
2,2,3,0,2,0
2,2,1,0,1,0
2,2,4,0,5,0
2,2,4,0,2,0
2,1,4,0,0,0
2,1,1,0,0,1
2,2,3,0,2,0
2,1,2,0,0,0
2,2,4,0,0,1
3,1,1,0,0,0
2,1,2,0,0,0
3,2,4,0,4,0
2,2,1,0,8,0
2,1,1,0,1,0
2,2,2,0,0,1
2,1,1,0,0,0
2,1,1,0,1,0
2,1,1,0,0,0
2,1,3,0,0,0
2,1,0,0,5,0
2,1,2,0,0,0
2,2,0,0,1,2
2,2,2,0,2,0
2,2,6,0,1,0
2,2,3,0,0,1
2,1,3,0,3,0
2,2,2,0,1,0
2,1,4,0,0,0
2,2,1,0,1,0
2,1,0,0,0,1
2,1,2,0,4,0
2,1,2,0,3,0
2,2,2,0,3,0
2,2,4,0,0,0
2,1,0,0,0,1
2,1,4,0,0,0
2,2,1,0,6,0
2,1,1,0,0,1
2,1,1,0,1,0
2,2,2,0,5,1
2,2,2,0,1,0
2,2,0,0,9,0
2,1,0,0,0,0
2,2,0,0,5,0
2,1,3,0,0,0
2,1,0,0,4,0
6,4,5,0,5,0
2,1,3,0,0,0
2,2,2,0,1,0
2,1,2,0,0,0
2,1,0,0,0,1
2,2,1,0,2,0
2,1,1,0,0,0
2,1,1,0,1,0
2,1,0,0,1,0
2,2,1,0,3,0
1783,54,1612,6,38,7
3,2,3,0,2,1
2,2,9,0,0,0
2,1,3,0,0,0
2,1,1,0,1,0
2,2,5,0,2,0
2,1,1,0,0,0
2,1,0,0,1,1
2,2,3,0,0,0
2,1,2,0,0,0
2,1,2,0,0,0
2,1,2,0,0,0
2,1,0,0,0,0
2,1,1,0,1,0
3,3,6,1,2,0
4,1,3,0,0,0
2,2,2,0,0,1
2,1,1,0,0,0
2,2,2,0,3,0
2,1,0,0,2,0
2,1,1,0,5,0
2,1,1,0,2,0
2,2,2,0,2,0
2,1,2,0,0,0
2,1,1,0,0,0
2,1,5,0,0,0
2,1,2,0,0,0
2,1,4,0,0,0
4,4,2,0,4,1
2,2,2,0,1,0
2,1,1,0,0,0
2,1,1,0,0,0
2,1,2,0,2,0
2,2,0,0,6,0
2,1,1,0,1,0
2,1,5,0,1,0
2,1,0,0,0,1
2,1,1,0,0,0
3,3,4,0,3,0
2,1,1,0,0,0
2,1,1,0,1,0
2,1,1,0,0,0
2,1,3,0,0,0
2,2,3,0,0,0
2,1,1,0,0,0
2,2,4,0,0,0
2,1,2,0,5,0
2,2,3,0,2,0
2,2,7,0,0,0
2,2,2,0,2,0
2,1,1,0,0,0
2,1,1,0,4,0
2,1,1,0,2,0
2,2,3,0,1,0
2,2,6,0,0,0
2,1,0,0,1,0
2,1,6,0,0,0
2,2,3,0,0,0
2,1,3,0,0,0
3,1,2,0,0,0
2,1,1,0,0,0
2,3,5,0,4,0
2,1,1,0,0,0
2,1,3,0,0,0
2,2,1,0,2,1
3,2,3,0,1,0
5,5,2,0,7,0
2,2,5,0,0,0
2,2,6,0,0,1
2,2,3,0,0,0
2,1,2,0,1,0
2,1,2,0,0,0
2,1,3,0,2,0
2,2,2,0,3,0
2,2,3,0,2,0
2,1,6,0,0,0
2,1,1,0,0,0
2,1,1,0,0,0
2,2,3,0,3,0
2,2,1,0,8,0
2,1,5,0,0,0
2,2,6,0,3,0
2,1,0,0,4,0
2,1,0,0,5,0
2,1,1,0,2,0
7,5,9,0,3,2
2,1,2,0,0,0
2,2,3,0,2,0
2,2,1,0,2,0
2,1,1,0,1,0
2,2,5,0,0,0
2,1,0,0,2,1
2,2,0,0,1,0
2,1,1,0,1,0
2,1,1,0,2,0
2,2,0,0,2,0
2,2,3,0,5,1
2,1,1,0,0,0
2,1,1,0,0,0
2,1,1,0,0,0
2,1,2,0,0,0
3,2,5,0,0,0
2,1,1,0,2,0
2,1,1,0,0,0
2,1,1,0,0,0
2,2,1,0,3,0
2,1,0,0,0,0
2,1,3,0,0,0
2,1,1,0,0,0
2,1,1,0,1,0
2,1,5,0,0,0
3,2,4,0,2,0
2,1,0,0,1,0
2,1,1,0,0,0
2,2,1,0,1,0
2,1,0,0,0,1
2,2,1,0,6,0
2,1,2,0,0,1
2,1,0,0,1,0
8,4,13,0,0,0
2,1,1,0,0,0
2,2,2,0,2,0
2,1,0,0,0,0
2,1,0,0,1,0
2,1,1,0,1,0
2,1,1,0,1,0
4,3,3,0,3,0
2,1,1,0,4,0
2,2,3,0,1,0
2,1,2,0,0,0
2,1,2,0,0,0
2,2,4,0,0,0
2,1,0,0,4,0
2,2,4,0,0,0
2,1,1,0,0,0
2,2,2,0,1,0
2,1,1,0,0,0
2,1,1,0,1,0
2,2,1,0,1,0
2,2,2,0,0,0
3,3,8,0,2,0
2,1,0,0,2,1
2,2,3,0,1,0
2,2,3,0,1,0
2,1,0,0,1,0
2,2,2,0,4,0
2,1,1,0,0,0
3,3,5,1,4,0
2,2,1,0,0,0
2,1,1,0,0,0
2,1,1,0,0,0
2,1,1,0,2,0
2,2,3,0,2,0
2,1,2,0,0,0
2,2,2,0,1,0
2,2,5,0,2,0
2,2,3,0,1,0
2,2,1,0,1,0
2,1,0,0,3,0
2,2,5,0,2,0
2,1,0,0,0,1
2,2,3,0,4,0
2,2,6,0,0,0
2,2,2,0,0,1
2,1,2,0,0,0
2,1,0,0,2,0
2,1,1,0,1,0
2,2,3,0,0,2
2,2,5,0,1,0
2,1,3,0,0,0
2,1,2,0,0,0
2,1,0,0,5,0
2,1,0,0,2,0
2,1,1,0,1,0
2,1,1,0,0,0
2,2,2,1,6,1
2,1,1,0,0,0
2,1,2,0,0,1
2,2,1,0,2,0
2,2,5,0,0,0
2,2,6,0,1,0
2,1,2,0,0,0
2,1,0,0,6,0
2,2,2,0,2,0
3,3,1,0,6,1
2,2,3,0,2,0
2,2,4,0,1,0
2,2,4,0,6,0
2,2,0,0,4,0
2,1,2,0,0,0
2,2,2,0,0,0
2,1,3,0,0,0
2,1,2,0,0,0
2,2,3,0,1,0
2,1,1,0,0,0
2,1,0,0,2,0
2,2,2,0,3,1
3,2,0,0,2,1
2,2,3,0,1,0
2,1,1,0,0,0
2,1,1,0,0,0
2,2,3,0,3,0
3,2,2,0,1,0
2,2,0,0,0,1
2,2,2,0,1,0
2,1,2,0,0,0
2,1,2,0,0,0
2,2,3,0,0,0
2,1,1,0,0,0
2,2,3,0,1,0
2,1,2,0,0,0
2,1,0,0,1,0
2,2,4,0,0,1
2,2,1,0,2,0
2,1,3,0,0,0
2,2,4,0,1,0
2,1,1,0,1,0
2,1,1,0,0,0
7,6,6,0,8,0
2,2,2,0,1,0
2,2,2,0,2,0
2,1,2,0,3,0
2,1,4,0,0,0
2,2,5,0,0,0
2,1,0,0,0,0
2,1,0,0,0,2
2,1,0,0,2,1
2,2,2,0,1,0
2,2,1,0,3,0
2,1,4,0,2,0
2,2,4,0,1,0
2,1,2,0,0,0
2,2,1,0,1,0
2,2,0,0,1,2
2,2,3,0,0,1
2,2,2,0,0,1
2,2,3,0,5,0
2,2,2,0,1,0
2,1,4,0,1,0
2,2,0,0,2,1
2,1,0,0,2,0
2,1,1,0,1,0
3,3,3,0,1,0
2,2,2,0,4,0
2,1,3,0,0,0
2,2,3,0,0,0
2,1,1,0,0,0
2,1,1,0,0,1
2,1,1,0,0,0
2,2,4,0,4,0
2,2,3,0,0,0
2,1,0,0,1,0
2,2,4,0,1,0
2,2,3,0,0,0
2,1,4,0,1,0
2,2,5,0,2,0
2,1,1,0,0,0
2,1,0,0,3,0
2,1,1,0,0,0
2,2,3,4,5,0
2,1,2,0,0,0
2,1,2,0,0,0
2,1,1,0,1,0
3,3,4,0,2,0
2,2,1,0,2,0
2,2,1,0,2,0
2,2,4,0,0,0
2,1,1,0,0,0
2,2,2,0,5,0
2,2,1,0,5,0
2,2,3,0,0,1
7,2,4,0,0,0
3,2,2,0,1,1
2,1,1,0,2,0
2,2,2,0,5,0
2,1,4,0,0,0
2,2,1,0,2,0
2,2,2,0,1,0
2,1,1,0,0,0
2,1,1,0,1,0
2,1,4,0,0,0
2,2,4,0,1,0
2,1,0,0,6,0
2,1,1,0,0,0
2,1,0,0,2,0
2,2,2,0,3,0
2,2,2,0,7,0
2,2,0,1,6,0
2,1,1,0,0,0
2,1,1,0,0,0
2,1,1,0,2,0
2,1,0,0,2,0
3,3,3,0,1,1
2,1,3,0,0,0
2,1,0,0,0,1
2,1,2,0,3,0
2,1,0,0,4,0
2,1,0,0,0,1
2,2,3,0,0,0
2,2,3,0,1,0
2,1,0,0,0,1
2,1,0,0,0,0
2,1,3,0,0,0
2,2,3,0,2,0
2,2,2,0,1,0
2,2,1,0,1,0
2,1,0,0,7,0
2,2,1,0,2,0
2,2,0,0,8,0
2,2,1,1,1,1
2,1,1,0,0,0
2,1,1,0,0,0
2,1,0,0,1,0
2,2,3,0,0,0
3,3,3,0,2,0
2,2,0,1,5,0
2,2,4,0,2,0
2,1,0,0,2,1
2,1,1,0,0,0
2,1,1,0,1,0
2,2,2,1,1,0
2,2,4,0,1,0
2,1,3,0,0,0
2,2,5,0,3,0
2,2,3,0,1,0
2,1,4,0,0,0
2,1,2,0,1,0
2,2,2,0,0,2
2,2,2,0,3,1
3,2,2,0,1,0
2,1,0,0,0,1
2,1,1,0,0,0
4,2,3,0,3,0
2,1,2,0,1,0
2,2,1,0,3,0
2,2,4,0,1,1
2,1,1,0,1,0
3,2,1,1,1,1
2,2,2,0,5,1
2,2,1,0,0,0
2,1,1,0,0,0
2,1,0,0,1,0
2,2,4,0,1,1
2,1,1,0,2,0
2,2,5,0,0,0
2,2,3,0,0,0
2,2,0,0,5,0
2,1,2,0,0,0
2,1,1,0,1,0
2,1,0,0,5,0
2,2,0,1,0,1
2,1,1,0,2,0
2,1,2,0,0,0
2,2,2,0,0,1
2,1,2,0,1,0
2,1,1,0,0,0
2,2,4,0,0,0
4,3,2,0,4,1
2,1,2,0,0,0
2,1,3,0,0,0
2,1,1,0,2,0
2,2,2,0,3,0
2,1,0,0,5,0
2,1,0,0,4,1
2,1,1,0,0,0
2,2,6,0,0,0
2,2,3,0,0,0
2,2,1,0,1,0
2,1,0,0,1,1
2,1,3,0,0,0
2,2,3,0,3,0
2,2,1,0,0,1
2,2,4,0,6,0
2,1,0,0,2,1
2,1,0,0,2,0
2,2,1,0,2,0
2,1,1,0,0,0
2,2,6,0,2,0
2,1,0,0,5,0
2,1,0,0,0,0
2,1,2,0,0,0
2,1,0,0,5,0
2,2,1,0,2,0
2,2,1,0,1,0
2,2,4,0,2,0
3,3,3,0,1,0
3,1,0,0,4,0
2,2,1,0,2,0
2,1,1,0,0,1
2,2,3,0,2,0
2,1,1,0,2,0
2,2,2,0,1,0
2,1,1,0,0,0
3,2,5,0,0,0
2,1,4,0,0,0
2,1,2,0,2,0
2,2,6,0,0,0
2,1,1,0,1,0
2,2,3,0,0,0
2,2,2,0,1,0
2,1,2,0,0,0
2,1,2,0,0,0
2,2,3,0,1,0
2,1,1,0,0,0
2,2,4,0,2,0
2,1,0,0,3,0
2,2,2,0,1,0
2,1,1,0,0,0
2,2,3,0,0,1
2,2,3,0,5,0
2,1,2,0,2,0
2,1,1,0,2,0
2,2,1,0,1,0
2,1,2,0,0,0
2,1,1,0,0,0
2,2,2,0,1,0
2,2,5,0,3,0
2,1,0,0,0,1
2,2,2,0,3,0
2,1,2,0,0,0
2,1,4,0,0,0
2,1,1,0,2,0
2,1,1,0,0,0
2,1,2,0,0,0
2,1,1,0,2,0
2,2,3,0,0,0
2,1,1,0,2,0
2,2,3,0,0,1
2,2,1,0,1,0
2,2,3,0,2,0
2,1,4,0,0,0
2,1,1,0,2,0
2,1,2,0,0,0
2,2,0,0,6,1
2,2,2,0,2,0
2,2,3,0,0,0
3,2,6,0,3,0
2,2,3,0,0,1
2,2,1,0,2,0
2,1,1,0,3,0
2,1,0,0,4,0
2,1,2,0,2,0
2,1,2,0,0,0
2,2,2,0,2,1
2,2,3,0,4,1
2,1,2,0,0,0
2,1,3,0,0,0
2,2,3,0,0,0
2,2,0,0,1,1
2,1,1,0,2,0
2,2,1,0,2,0
2,2,2,0,5,0
2,1,1,0,0,0
2,2,3,0,2,0
2,2,4,0,0,0
2,2,7,0,4,0
2,1,1,0,0,0
2,2,4,0,0,0
2,2,4,0,1,0
2,1,1,0,0,0
2,1,2,0,0,0
2,1,2,0,0,0
2,1,0,0,0,0
2,2,5,0,3,0
2,1,1,0,0,0
2,1,1,0,2,0
2,2,3,0,1,0
2,2,2,0,2,0
2,2,5,0,0,0
2,1,4,0,0,0
2,1,2,0,0,0
2,1,0,0,2,0
2,2,3,0,2,0
2,2,0,1,0,1
2,1,3,0,0,0
2,1,2,0,0,1
2,1,2,0,0,0
2,1,1,0,0,0
2,2,2,0,1,0
2,1,1,0,1,0
2,2,0,0,8,0
2,1,1,0,2,0
2,1,2,0,4,0
2,1,2,0,0,0
2,1,1,0,0,0
2,2,3,0,0,0
2,1,1,0,3,0
2,1,0,0,1,0
2,2,1,0,1,0
2,1,1,0,0,0
2,2,2,2,0,1
2,1,3,0,0,0
2,1,1,0,0,0
2,1,0,0,5,0
2,2,2,0,1,0
2,2,3,0,1,0
2,2,4,0,4,0
2,1,2,0,0,0
2,1,1,0,0,0
2,1,4,0,0,0
2,2,2,0,2,0
2,2,3,0,1,0
2,2,3,0,1,0
2,1,0,0,1,0
2,2,4,0,0,0
2,1,1,0,0,0
2,1,0,0,1,0
2,2,3,0,2,0
2,2,1,0,1,0
2,1,1,0,0,0
2,1,0,0,2,0
2,2,1,0,2,0
2,1,2,0,0,0
2,2,3,0,1,0
2,1,1,0,1,0
2,1,3,0,2,0
2,1,4,0,0,0
2,2,2,0,7,0
2,1,1,0,0,0
2,1,0,0,1,0
2,1,2,0,0,0
2,1,3,0,0,0
2,2,1,0,1,1
2,1,1,0,0,1
2,1,1,0,2,0
2,2,2,0,5,0
2,1,2,0,0,0
2,1,1,0,0,0
2,2,4,0,2,0
2,2,0,0,0,1
2,2,1,0,1,0
2,1,1,0,1,0
2,2,3,0,0,0
2,2,2,0,2,1
2,2,3,0,1,0
2,1,2,0,0,0
2,2,2,0,0,1
2,1,2,0,0,0
2,2,2,0,1,0
4,4,5,0,1,0
2,2,3,0,1,0
2,1,2,0,0,0
2,1,1,0,0,0
2,1,3,0,0,0
2,2,5,0,3,0
2,3,5,0,2,0
2,2,1,0,1,0
2,2,2,0,0,0
2,2,1,0,3,0
2,1,3,0,1,0
2,2,3,0,3,0
2,1,2,0,0,0
2,2,4,0,0,0
2,2,3,0,0,1
2,2,3,0,2,0
2,1,1,0,0,0
2,1,1,0,0,0
2,2,4,0,1,0
2,1,3,0,0,0
2,1,1,0,1,0
2,2,6,0,1,0
2,1,0,0,4,0
2,1,3,0,0,0
2,2,1,0,0,1
2,2,2,0,1,0
2,1,1,0,2,0
2,2,3,0,1,0
2,1,3,0,0,0
2,1,1,0,0,0
2,2,5,0,0,0
2,2,4,0,1,0
2,1,2,0,0,0
2,1,1,0,1,0
2,2,2,0,1,0
2,1,3,0,0,0
2,2,0,0,5,1
2,2,7,0,2,0
2,1,3,0,0,0
2,2,4,0,0,0
2,2,3,0,0,0
2,2,1,0,1,0
2,1,1,0,0,0
2,1,1,0,0,0
2,1,1,0,1,0
2,1,3,0,0,0
2,2,1,0,4,0
2,1,1,0,0,0
2,2,3,0,3,0
2,1,2,1,1,0
2,2,4,0,1,0
2,1,2,0,0,1
5,3,6,0,0,0
2,2,3,0,0,0
2,1,1,0,1,0
2,1,3,0,0,0
5,3,3,0,2,0
2,1,1,0,2,0
2,1,1,0,0,0
2,1,1,0,4,0
2,1,4,0,0,0
2,2,2,0,1,0
2,2,2,0,2,0
2,1,1,0,0,0
2,1,2,0,0,0
2,1,2,0,1,0
2,1,2,0,0,0
2,2,6,0,0,0
2,2,3,0,0,1
2,1,1,0,0,0
2,2,3,0,0,0
2,2,2,0,1,0
2,1,1,0,0,0
2,2,2,0,1,0
2,2,11,0,0,0
2,2,3,0,2,0
2,2,3,0,0,0
2,2,9,0,1,0
3,1,0,0,7,0
2,1,0,0,0,1
2,2,1,0,1,0
2,2,2,0,0,1
2,2,2,1,1,0
2,1,5,0,0,0
2,2,1,0,1,0
2,2,3,0,0,0
2,1,1,0,2,0
2,2,1,0,0,1
2,1,2,0,1,0
2,2,3,0,3,0
2,2,1,0,3,0
2,2,1,0,3,1
2,1,0,0,4,0
2,1,3,0,0,0
2,2,2,0,1,0
2,2,4,0,2,0
2,1,4,0,0,0
2,1,2,0,0,0
2,2,2,0,2,0
2,2,2,0,1,0
2,1,0,0,0,1
2,2,3,0,2,0
2,1,1,0,0,0
2,1,0,0,3,0
2,1,0,0,2,0
2,2,3,0,0,1
2,1,2,0,0,0
2,2,5,0,0,0
2,2,4,0,0,0
2,2,5,0,0,0
2,1,1,0,2,0
2,1,3,0,0,0
2,2,1,0,0,0
2,1,1,0,0,0
2,1,2,0,0,0
2,1,1,0,0,0
5,4,1,0,7,0
2,1,1,0,1,0
2,1,0,0,0,1
2,2,2,0,1,0
2,2,0,0,1,1
2,1,0,0,2,1
2,2,1,0,3,0
2,1,0,0,6,0
2,1,1,0,1,0
2,2,1,0,0,0
3,1,0,0,0,0
2,2,2,0,1,0
2,1,1,0,0,0
2,2,3,0,0,0
2,2,2,0,1,0
2,2,2,0,2,1
2,2,2,0,0,1
2,1,2,0,0,0
2,2,3,0,1,0
2,1,1,0,0,0
2,2,4,0,0,0
2,2,5,0,2,0
2,1,2,0,1,0
2,1,1,0,0,0
2,1,1,0,0,0
2,1,2,0,2,0
2,1,1,0,2,0
2,2,2,0,2,0
2,2,3,0,0,0
2,1,0,0,1,0
2,2,5,0,0,0
2,2,3,0,0,0
2,2,2,0,1,1
2,1,2,0,0,0
2,1,1,0,4,0
2,2,3,0,1,0
2,1,1,0,0,0
2,1,2,0,1,0
2,1,0,0,0,0
2,1,1,0,2,0
2,2,0,0,4,1
2,1,1,0,0,0
3,2,3,0,3,0
2,1,1,0,2,0
2,1,2,0,3,0
2,2,2,0,5,1
2,1,2,0,0,0
2,2,3,0,7,0
2,1,3,0,2,0
2,1,1,0,0,0
2,2,3,0,2,1
2,1,1,0,0,0
2,1,2,0,0,0
2,1,3,0,0,0
2,2,3,0,0,0
2,1,0,0,0,1
2,2,2,0,1,0
2,1,1,0,0,0
2,1,2,0,0,0
2,1,3,0,0,0
2,1,1,0,0,0
2,2,6,0,1,0
2,1,0,0,5,1
2,1,1,0,0,0
2,2,1,0,1,0
2,1,1,0,0,0
2,2,3,0,2,0
2,2,3,0,0,0
2,2,1,0,0,1
2,2,2,0,0,0
2,2,0,0,8,0
2,2,1,0,2,0
2,1,3,0,0,0
2,1,0,0,1,1
2,1,0,0,3,1
2,1,2,0,0,0
2,2,2,0,1,0
2,1,2,0,0,0
2,1,2,0,0,0
2,1,0,0,2,0
2,2,4,0,0,0
2,2,5,0,0,0
2,1,0,0,7,0
2,2,4,0,0,1
2,1,2,0,0,0
2,1,0,0,0,1
2,2,3,0,3,0
2,1,1,0,0,0
2,2,6,0,3,0
2,1,1,0,0,0
2,1,1,1,0,1
2,1,0,0,2,0
2,1,2,0,0,0
2,1,0,0,3,0
2,1,0,0,0,1
2,1,1,0,0,0
2,1,2,0,0,0
2,1,3,0,0,0
2,2,3,0,0,1
2,1,0,0,0,1
2,1,0,0,0,1
2,1,4,0,0,0
2,1,0,0,2,1
2,2,3,0,2,1
2,2,2,0,2,0
2,1,2,0,0,0
2,1,2,0,0,0
2,1,3,0,0,0
2,1,0,0,1,0
2,2,1,0,6,0
2,2,3,0,0,1
2,1,3,0,0,0
2,1,0,0,0,1
2,2,4,0,2,0
2,2,2,0,6,0
2,1,1,0,1,0
2,2,3,1,0,0
2,1,0,0,1,1
2,1,2,0,0,0
2,1,3,0,0,0
2,1,1,0,0,0
2,1,2,0,1,0
2,1,1,0,0,0
2,1,2,0,0,0
2,2,3,0,0,0
2,1,1,0,1,0
2,1,3,0,3,0
2,1,2,0,2,0
2,1,1,0,0,0
3,1,2,0,2,0
2,1,2,0,1,0
2,2,2,0,0,0
2,1,1,0,0,0
2,2,2,0,1,1
2,1,1,0,0,0
2,1,3,0,0,0
2,1,1,0,0,0
2,2,0,0,6,1
2,1,0,0,1,0
2,1,2,0,0,0
2,1,1,0,3,0
2,1,1,0,4,0
2,1,2,0,0,0
2,1,2,0,0,0
3,1,2,0,0,0
2,2,0,0,2,1
2,1,2,0,0,0
2,1,2,0,0,0
2,1,3,0,0,0
2,1,1,0,3,0
2,1,3,0,0,0
2,1,1,0,0,0
2,2,5,0,0,0
2,1,1,0,2,0
2,2,5,0,1,0
2,2,2,0,5,0
2,2,2,0,0,0
2,1,2,0,0,0
2,2,5,0,1,0
2,1,2,0,0,1
6,4,6,0,3,0
2,2,1,0,1,0
2,2,1,0,0,1
2,1,2,0,0,0
2,2,2,0,2,0
2,2,4,0,1,1
2,2,0,0,2,1
2,2,4,0,0,0
2,2,4,0,0,0
2,1,2,0,0,0
2,1,3,0,0,0
2,1,0,0,0,0
2,1,0,0,0,1
2,2,4,0,1,0
2,2,3,0,5,0
2,1,2,0,0,0
2,1,0,0,0,1
2,1,1,0,0,0
3,1,3,0,0,0
2,1,1,0,0,0
2,1,1,0,0,0
2,1,0,0,2,1
3,3,10,1,1,0
2,1,1,0,0,0
2,1,0,0,0,1
2,1,2,0,0,0
2,2,1,0,2,0
2,1,3,0,0,0
2,1,1,0,3,0
2,2,1,0,2,0
2,2,3,0,1,0
2,1,3,0,1,0
2,1,2,0,1,0
2,2,1,0,1,0
2,2,5,0,0,0
2,2,1,0,1,0
2,1,2,0,3,0
2,1,2,0,0,0
2,1,1,0,0,0
2,1,1,0,2,1
2,2,2,0,0,1
2,2,3,0,0,0
2,2,0,1,2,0
2,1,3,0,0,0
2,1,1,0,2,0
2,2,4,1,2,0
2,1,1,0,1,0
2,2,3,0,0,0
2,1,2,0,0,0
2,1,3,0,3,0
2,1,1,0,0,0
2,1,1,0,0,0
2,2,5,0,0,0
2,2,3,0,1,0
2,1,0,0,0,1
2,1,1,0,0,0
2,1,1,0,2,0
2,1,3,0,2,0
2,1,1,0,2,0
2,2,1,0,2,0
2,1,0,0,0,1
2,1,0,0,3,1
2,1,2,0,0,0
2,1,3,0,0,0
2,2,6,0,0,0
4,4,5,0,5,0
2,1,0,0,1,0
2,1,2,0,2,0
2,1,1,0,2,0
2,1,1,0,1,0
2,1,3,0,0,0
2,1,1,0,0,0
2,1,1,0,1,0
2,1,2,0,0,0
2,1,1,0,0,0
2,1,2,0,4,0
2,2,3,0,1,0
2,2,2,0,1,1
2,1,2,0,0,1
2,1,0,0,1,0
2,2,5,0,0,0
2,1,1,0,0,0
2,1,0,0,0,1
3,3,2,0,1,0
2,1,1,0,0,0
2,2,3,0,4,0
2,2,2,0,4,0
2,1,2,0,1,0
2,1,0,0,3,0
2,1,1,0,0,0
2,1,1,0,0,0
2,1,2,0,0,0
2,2,2,0,7,0
2,2,3,0,0,0
2,2,3,0,2,0
2,1,3,0,0,0
2,1,2,0,0,0
2,1,1,0,2,0
2,2,1,0,1,0
2,2,2,0,2,0
2,1,1,0,0,0
2,2,3,0,0,1
2,2,4,0,2,0
2,1,1,0,0,0
2,2,1,0,1,0
2,2,6,0,1,0
2,1,1,0,1,0
2,2,3,0,2,0
2,1,1,0,0,0
2,1,1,0,0,0
2,1,0,0,4,0
2,1,1,0,0,0
2,1,3,0,0,0
10,5,11,0,3,1
2,2,3,0,0,0
2,1,1,0,0,0
2,2,5,0,2,0
2,2,1,0,0,2
2,1,3,0,1,0
2,2,1,0,1,1
2,1,2,0,0,0
2,2,5,0,0,0
2,1,2,0,1,0
2,1,1,0,0,0
2,1,0,0,1,0
2,1,1,0,1,0
2,1,3,0,0,0
2,1,2,0,3,0
2,1,1,0,2,0
2,1,4,0,0,0
2,1,2,0,0,0
2,2,5,0,0,0
2,3,5,0,2,0
2,2,1,0,3,0
2,2,8,0,0,0
2,1,0,0,4,0
2,2,1,0,1,0
2,1,2,0,0,0
2,1,1,0,0,0
2,1,1,0,0,0
2,2,1,0,2,0
2,1,2,0,0,0
2,1,1,0,0,0
2,2,3,0,1,0
2,2,4,0,3,0
2,1,1,0,0,0
2,1,3,0,0,0
2,2,4,0,2,0
2,2,2,0,3,0
2,2,5,0,1,0
2,1,1,0,1,0
2,1,4,0,0,0
2,1,1,0,5,0
2,2,4,0,0,0
2,1,1,0,0,0
2,1,2,0,0,0
2,2,2,0,4,0
2,1,3,0,0,0
2,1,1,0,1,0
2,2,2,0,5,0
2,1,0,0,1,0
2,2,2,0,1,0
2,1,1,0,0,0
2,1,2,1,1,0
2,1,4,0,0,0
2,2,2,0,2,0
2,1,3,0,0,0
2,1,2,0,0,0
2,1,4,0,0,0
2,1,2,0,0,0
2,1,1,0,0,0
2,2,4,0,1,0
2,2,1,0,0,1
2,2,0,0,6,0
2,2,2,0,3,0
2,2,5,0,0,0
2,2,4,0,0,0
2,1,1,0,0,0
2,1,1,0,0,0
2,2,5,0,2,0
2,1,0,0,2,0
2,2,4,0,1,0
2,2,0,0,6,1
2,2,6,0,1,0
2,1,0,0,1,0
2,1,1,0,0,0
2,1,2,0,0,0
3,1,1,0,0,0
2,1,5,0,2,0
2,1,0,0,1,0
2,2,1,0,6,1
2,2,1,0,1,0
3,1,2,0,0,0
2,1,1,0,0,0
2,2,3,0,3,0
2,1,1,0,0,0
2,1,3,0,0,0
2,2,5,0,3,0
2,2,3,0,4,0
2,1,1,0,0,0
2,1,2,0,0,0
3,2,2,0,1,0
2,2,3,0,0,0
2,1,2,0,1,0
2,1,2,0,0,0
2,1,2,0,0,0
2,1,1,0,1,0
2,2,3,0,0,0
2,2,1,0,1,0
2,1,1,0,1,0
2,2,2,0,3,0
2,2,1,0,6,0
2,2,5,0,2,0
2,2,2,0,2,0
2,1,3,0,0,0
2,2,2,0,1,0
2,1,1,0,1,0
2,1,1,0,0,1
2,2,1,0,0,1
2,2,3,0,2,0
2,1,1,0,2,0
2,2,2,0,0,1
2,1,0,0,3,1
2,1,2,1,0,0
2,1,1,0,2,0
2,2,1,0,4,0
2,2,3,5,0,0
2,1,0,0,1,0
2,1,2,0,0,0
2,1,1,0,0,0
3,1,2,0,0,1
2,2,0,0,9,0
2,2,4,0,0,0
4,4,5,0,1,1
2,1,1,0,0,0
3,3,2,0,2,1
2,1,1,0,0,0
2,2,3,0,1,0
2,1,1,0,0,0
3,1,2,0,0,0
2,1,0,0,2,1
2,2,3,0,6,0
3,1,3,0,0,0
2,1,1,0,3,0
2,1,1,0,0,0
2,1,3,0,2,0
2,1,2,0,1,0
2,2,2,0,2,0
2,2,3,0,3,0
2,1,3,0,2,0
2,1,1,0,0,0
2,1,1,0,0,0
2,2,4,0,2,0
2,1,3,0,1,0
2,2,0,0,7,0
2,1,2,0,0,0
2,3,1,0,0,1
2,2,2,0,2,0
2,2,1,0,2,0
2,2,2,0,1,1
2,1,2,0,0,0
2,2,4,0,1,0
2,1,1,0,0,1
2,2,4,0,0,0
2,2,1,0,2,0
2,1,1,0,0,0
2,2,5,0,1,0
2,1,1,0,0,0
2,2,1,0,1,0
2,2,4,0,2,0
2,2,1,0,4,1
2,2,5,0,2,0
3,2,7,0,1,0
2,1,0,0,6,0
2,1,2,0,0,0
2,1,1,0,2,0
2,1,2,0,1,0
2,2,1,0,2,0
2,1,1,0,1,0
2,2,3,0,2,0
2,2,3,0,0,0
2,2,3,0,0,0
2,1,2,0,2,0
2,1,0,0,2,1
2,2,4,0,5,0
2,1,1,0,1,0
2,1,3,0,0,0
2,2,2,0,0,1
2,2,2,0,1,0
2,1,3,0,2,0
2,2,2,0,1,0
2,2,1,0,5,0
2,2,4,0,0,0
2,2,2,0,0,0
2,1,2,0,0,0
2,2,4,0,0,0
2,2,4,0,0,0
2,1,0,0,0,0
2,2,3,1,1,0
2,1,1,0,0,0
2,2,2,0,1,0
2,1,0,0,0,0
2,2,3,0,0,0
2,1,2,0,2,0
2,2,1,0,2,0
2,2,1,0,2,0
2,2,1,0,4,0
2,2,0,0,4,3
2,1,1,0,1,0
2,2,1,0,0,1
2,1,0,0,0,1
2,1,1,0,0,0
2,2,3,0,0,0
2,2,1,0,3,0
3,1,0,0,0,1
2,2,1,0,3,0
2,1,2,0,0,0
2,1,3,0,1,0
2,1,2,0,0,0
2,2,1,0,1,0
2,1,1,0,0,0
2,2,3,0,3,0
2,1,1,0,1,0
2,2,2,0,0,0
2,2,4,0,0,0
2,1,1,0,1,0
2,1,0,0,1,0
2,2,2,0,0,1
3,1,1,0,1,0
2,2,1,0,1,0
2,2,4,0,1,0
2,1,2,0,0,0
2,2,4,0,1,0
3,1,0,0,3,0
3,1,0,0,1,0
2,2,3,0,4,0
2,1,3,0,0,0
2,1,0,0,3,1
2,2,1,1,2,0
2,1,1,0,0,0
2,1,0,0,6,0
2,2,2,0,1,0
2,2,0,0,8,0
2,1,3,0,0,0
2,1,2,0,0,0
2,2,1,0,1,0
2,1,1,1,2,0
2,2,1,0,0,1
2,2,3,0,4,0
2,2,3,0,0,0
2,2,4,0,2,0
2,2,2,0,3,0
2,1,3,0,0,0
2,1,1,0,1,0
2,2,7,1,4,0
2,2,2,0,2,0
2,2,1,0,2,0
2,2,4,0,1,0
2,2,2,0,1,0
2,1,2,0,0,0
2,2,4,0,4,0
2,1,1,0,0,0
2,1,2,0,0,0
2,2,3,0,2,0
2,1,0,0,2,1
3,2,3,0,0,1
2,1,1,0,0,0
2,1,2,0,0,0
3,3,4,1,1,0
2,2,1,1,5,0
2,2,4,0,0,0
2,1,3,0,0,0
2,2,2,0,2,0
2,2,2,0,1,0
2,2,2,0,2,0
2,1,1,0,1,0
2,1,0,0,0,1
2,2,2,0,2,0
2,1,2,0,0,0
2,2,1,0,1,1
2,1,0,0,0,1
2,1,2,0,0,0
2,2,2,0,1,0
2,2,2,0,1,0
2,2,2,0,2,0
2,1,1,0,0,0
2,1,1,0,0,0
2,2,3,0,7,0
2,2,3,0,2,0
2,1,0,0,1,1
2,2,1,0,1,0
2,1,1,0,0,0
2,1,1,0,0,0
2,2,2,0,2,0
2,1,0,0,1,0
3,2,0,0,4,1
2,1,6,0,0,0
2,2,1,0,2,0
2,1,1,0,2,0
2,1,3,0,0,1
2,1,2,0,3,0
2,1,0,0,1,0
2,2,5,0,1,0
2,1,0,0,0,2
2,1,2,0,0,0
2,2,3,0,1,0
2,2,3,0,0,0
2,2,3,0,7,0
2,1,1,0,0,0
2,1,0,0,0,1
2,1,1,0,1,0
2,2,3,0,0,0
2,1,3,0,0,0
2,1,1,0,1,0
2,1,3,0,3,0
2,1,1,0,2,0
2,1,0,0,0,1
2,1,2,0,0,0
2,1,2,0,0,0
2,2,1,0,1,0
2,2,4,0,5,0
2,2,4,0,1,0
2,2,1,0,2,0
2,2,1,1,1,0
2,2,1,0,1,0
2,1,4,0,0,0
2,2,2,0,4,1
2,1,4,0,0,1
2,2,6,0,2,0
2,1,0,0,0,1
2,2,1,0,4,0
2,1,0,0,3,1
2,1,1,0,2,0
2,1,2,0,0,0
2,1,0,0,2,1
2,2,1,0,1,0
2,1,2,0,0,0
2,1,1,0,0,0
2,1,2,0,0,0
2,2,1,0,2,1
2,1,4,0,0,0
2,1,2,0,2,0
2,1,1,0,0,0
2,1,2,0,1,0
2,1,3,0,0,0
2,1,1,0,0,0
2,1,2,0,0,0
2,1,0,0,3,1
2,1,1,0,0,0
3,1,1,0,0,0
2,1,2,0,0,0
2,1,3,0,0,0
2,2,1,1,0,0
2,2,1,0,3,0
2,1,1,0,0,0
2,1,1,0,0,0
2,1,1,0,0,0
2,1,1,0,2,0
2,2,2,0,1,0
2,1,0,0,0,1
2,2,4,1,1,0
2,2,1,0,2,1
2,1,1,0,2,0
2,1,2,0,0,0
2,1,2,0,0,0
2,2,3,0,1,0
2,2,3,0,0,0
2,2,2,0,0,1
2,1,1,0,0,0
2,1,3,0,1,0
2,1,5,0,0,0
2,1,2,0,0,0
2,1,2,0,0,0
2,1,1,0,0,0
2,1,0,0,2,0
2,1,1,0,1,0
2,2,2,0,2,0
2,2,0,0,5,0
5,2,3,0,0,0
2,1,3,0,0,0
2,1,1,0,1,0
2,1,0,0,0,0
2,2,4,0,0,0
2,1,2,0,0,1
2,1,1,0,2,0
2,1,0,0,4,0
2,2,2,0,4,0
2,2,3,0,1,0
2,1,0,0,1,0
2,1,2,0,0,0
3,1,1,0,2,0
2,2,2,0,4,0
2,1,1,0,2,0
2,2,4,0,2,0
2,2,5,0,1,0
2,2,1,0,2,0
2,1,2,0,0,0
2,1,1,0,0,0
2,1,1,0,1,0
2,1,2,0,0,1
2,2,3,0,1,0
2,1,2,0,0,0
2,1,1,0,0,0
2,1,1,0,1,0
2,1,2,0,0,0
2,1,3,0,0,0
2,2,3,0,2,0
2,2,2,0,1,0
2,1,1,0,2,0
2,1,1,0,0,0
2,2,3,0,2,1
2,1,1,0,1,0
2,2,1,0,1,0
2,1,0,0,2,0
2,1,2,0,0,0
2,2,5,1,0,0
2,1,1,0,2,0
2,2,3,0,0,0
2,2,2,0,1,0
2,2,2,0,3,0
2,1,1,0,0,0
2,2,8,0,1,0
2,1,1,0,0,0
2,2,1,0,1,0
2,1,1,0,0,0
2,2,3,0,0,0
2,2,3,0,8,0
2,1,1,0,0,0
2,2,5,0,0,0
2,1,1,0,1,0
2,1,1,0,0,0
2,1,1,0,5,0
2,1,0,0,0,1
4,3,6,0,1,0
2,1,1,0,1,0
2,2,3,0,2,0
2,2,4,0,0,0
2,1,1,0,0,0
2,2,4,0,1,0
2,2,0,0,3,1
2,2,5,0,1,0
2,1,0,0,0,1
2,1,1,0,2,0
2,1,0,0,0,1
2,1,3,0,0,0
2,1,2,0,0,0
2,2,3,0,0,0
4,2,2,0,5,1
2,1,1,0,2,0
3,3,5,0,3,0
2,2,3,0,0,0
2,1,1,0,0,0
2,2,1,0,1,1
2,1,3,0,4,0
2,1,2,0,1,0
2,1,1,0,0,0
2,2,3,0,1,0
2,2,4,0,0,0
2,1,0,0,4,0
2,1,0,0,4,0
2,2,3,0,5,0
2,1,0,0,0,0
2,2,2,0,0,1
2,1,0,0,0,0
2,2,3,0,3,0
2,2,3,0,2,0
2,2,1,0,0,0
2,2,6,0,1,0
2,1,2,0,0,0
2,2,2,1,1,0
2,1,1,0,1,0
2,1,0,0,0,1
3,1,0,0,0,1
2,1,1,0,0,0
2,2,2,0,2,0
2,1,1,0,0,0
2,1,3,0,0,0
2,2,2,0,1,0
3,1,1,0,0,0
2,1,2,0,0,0
2,2,3,0,2,0
2,2,4,0,0,0
2,1,1,0,0,0
2,1,2,0,0,0
2,1,0,0,0,2
2,2,3,0,0,0
2,1,1,0,0,0
2,1,2,0,0,0
2,2,2,0,3,0
2,1,1,0,0,0
2,1,2,0,0,0
2,2,3,0,2,0
2,2,3,0,2,1
2,2,3,0,2,0
2,2,6,1,0,0
2,1,1,0,0,0
2,1,0,0,0,1
2,1,3,0,0,0
2,1,2,0,1,0
2,1,2,0,0,0
2,1,1,0,1,0
2,1,1,0,1,0
3,1,2,0,2,0
2,2,3,0,1,0
2,2,6,0,0,0
2,1,0,0,0,1
3,1,1,0,0,0
3,2,2,0,5,0
2,1,2,0,1,0
2,2,1,0,2,0
2,2,5,0,2,1
17,5,27,0,2,0
2,2,2,0,5,0
2,2,0,0,1,1
2,1,1,0,0,0
2,1,1,0,0,0
2,2,0,0,9,0
2,2,1,0,3,0
2,2,5,0,2,0
2,2,1,0,0,1
2,2,3,0,1,0
2,1,1,0,0,0
2,1,2,0,2,0
2,2,5,0,3,0
3,1,0,0,0,1
2,2,3,0,1,0
2,2,1,0,1,0
2,2,1,0,2,0
2,1,0,0,4,0
2,1,0,0,0,1
2,1,0,0,2,1
2,2,5,0,0,0
2,2,1,0,1,0
2,1,1,0,3,0
2,1,2,0,0,0
2,1,2,0,0,0
2,1,1,0,0,0
2,1,1,0,0,0
2,1,1,0,1,0
2,1,1,0,1,0
2,1,0,0,5,1
2,2,5,0,0,0
2,1,2,0,0,0
2,2,4,0,1,0
2,1,1,0,0,0
2,2,3,0,0,0
2,1,2,0,0,0
2,2,3,0,0,0
2,1,4,0,0,0
2,2,3,0,1,0
2,1,1,0,0,0
2,2,1,0,2,0
2,2,0,0,8,0
2,2,1,0,0,0
2,2,1,0,2,1
2,2,3,0,3,0
2,2,1,0,0,0
2,1,3,0,0,0
2,2,5,0,0,0
2,1,2,0,0,0
2,1,1,0,0,0
2,1,2,0,0,0
2,1,0,0,0,0
2,2,1,0,0,0
2,1,1,0,1,0
2,1,0,0,0,1
2,1,2,0,0,0
2,1,1,0,1,0
2,1,0,0,0,0
2,2,3,0,0,0
2,1,4,0,0,0
2,1,1,0,1,0
2,1,1,0,1,0
2,2,3,0,5,1
2,1,2,0,0,0
2,3,3,1,6,0
2,1,2,0,0,0
2,1,1,0,0,0
2,1,0,0,1,0
2,2,2,0,3,0
2,2,2,0,4,0
2,1,1,0,0,0
2,2,3,0,0,1
2,1,1,0,0,0
2,1,0,0,2,0
2,1,2,0,2,0
2,2,2,0,3,0
2,1,0,0,2,0
2,2,1,0,0,0
2,1,0,0,4,0
2,1,2,0,0,0
2,2,3,0,0,0
2,1,1,0,1,0
2,1,2,0,0,0
2,1,2,0,5,0
2,2,1,0,1,0
2,1,1,0,0,0
2,2,1,0,1,0
2,2,4,0,0,0
2,1,3,0,0,0
2,1,5,0,0,0
2,1,3,0,4,0
2,1,1,0,1,0
2,1,0,0,1,0
2,2,2,0,3,0
2,1,2,0,0,0
2,1,4,0,0,0
2,2,4,0,2,0
2,1,1,0,0,0
2,1,1,0,0,1
2,1,1,0,0,0
2,2,4,0,0,0
2,1,1,0,2,0
2,1,2,0,0,0
2,2,1,0,4,0
2,2,2,0,2,0
2,1,0,0,2,0
2,1,1,0,2,0
2,1,2,0,0,0
3,3,4,0,4,0
2,2,0,0,2,1
2,1,1,0,0,0
2,2,5,0,0,0
2,1,3,0,0,0
2,1,2,0,0,0
2,2,1,0,2,0
2,1,2,0,0,0
2,1,2,0,0,0
2,1,2,0,0,0
2,1,1,0,0,0
2,2,3,0,1,0
2,2,1,0,4,1
2,1,1,0,0,0
2,1,1,0,0,1
2,1,1,0,0,1
2,1,1,0,0,0
3,2,0,0,8,0
2,2,5,0,0,1
2,2,1,0,2,0
2,1,3,0,0,0
2,1,1,0,0,0
2,2,3,0,0,0
2,2,3,0,3,0
2,1,1,0,2,0
2,1,1,0,0,0
2,1,1,0,3,0
2,1,2,0,0,0
2,1,2,0,2,0
2,1,1,0,0,0
2,2,2,0,3,1
2,1,4,0,0,0
2,2,1,0,5,1
2,2,1,0,2,0
2,1,4,1,1,0
2,2,3,0,4,0
2,1,1,0,0,0
2,1,2,0,1,0
2,1,0,0,2,0
2,2,2,0,6,1
2,1,2,0,1,0
2,1,1,0,0,0
2,1,2,0,0,0
2,1,2,0,0,0
2,2,2,0,1,0
2,1,6,0,0,0
2,2,2,0,1,0
2,1,2,0,2,0
2,1,1,0,0,0
2,1,1,0,0,0
2,1,2,0,0,0
2,1,0,0,2,1
2,1,2,0,4,0
2,1,1,0,0,0
2,1,1,0,1,0
2,2,4,0,0,0
2,2,3,0,6,0
2,2,2,0,3,0
2,2,2,0,5,0
2,2,3,0,0,0
2,2,2,0,1,0
2,1,2,0,0,0
3,2,6,0,2,0
2,2,5,0,1,0
2,2,2,0,1,0
2,2,3,0,0,0
2,1,1,0,0,0
2,1,1,0,0,0
2,1,2,0,0,0
2,2,2,0,2,0
2,2,2,0,2,0
2,1,1,0,0,0
2,3,1,1,3,1
2,2,1,0,0,1
2,2,3,0,0,1
2,1,0,0,0,1
2,2,0,0,6,0
2,2,3,0,0,0
2,2,3,0,0,2
2,1,2,0,0,0
2,2,1,0,4,0
2,2,0,0,2,1
2,1,4,0,0,0
2,1,0,0,2,0
2,1,2,0,2,0
2,1,2,0,0,0
2,1,0,0,2,1
2,1,2,0,1,0
3,1,3,0,1,0
3,1,2,0,0,0
2,1,2,0,0,0
2,1,2,0,0,0
2,1,0,0,5,0
2,1,1,0,0,0
2,2,1,0,1,0
2,1,0,0,2,0
2,2,2,0,4,0
2,1,1,0,0,1
2,1,1,0,1,0
2,1,0,0,0,1
3,2,4,0,4,0
2,2,2,0,1,0
2,2,2,0,0,0
3,2,5,0,0,0
2,1,1,0,1,0
2,2,3,0,3,0
2,2,1,0,4,0
2,1,3,0,0,0
2,2,1,0,2,0
2,1,4,0,0,0
2,1,0,0,2,0
2,1,0,0,0,1
2,1,0,0,0,0
2,2,3,0,2,0
2,1,0,0,0,0
2,1,1,0,0,0
2,1,0,0,0,1
2,1,1,0,0,0
2,1,0,0,2,0
2,1,3,0,0,0
2,1,3,0,0,0
2,2,3,0,0,0
2,1,1,0,1,0
2,1,1,0,2,0
2,1,2,0,3,0
2,2,1,0,1,0
2,1,1,0,0,0
2,1,2,0,1,0
2,1,1,0,0,0
2,1,1,0,0,0
2,2,2,0,1,0
2,2,3,0,3,0
2,1,3,0,0,0
2,2,3,0,0,0
2,2,3,0,1,0
3,2,4,0,0,0
2,1,0,0,2,1
2,2,4,0,0,0
2,1,5,0,0,0
2,2,1,0,0,1
2,1,1,0,0,0
2,1,1,0,2,0
2,2,5,0,0,0
2,1,1,0,0,1
2,2,0,0,4,1
2,2,1,0,3,0
2,1,5,0,0,0
2,1,1,0,0,1
2,1,1,0,1,0
2,1,1,0,0,0
3,1,0,0,0,0
2,1,2,0,0,0
2,1,1,0,3,0
2,1,2,0,0,0
2,1,1,0,0,0
2,2,5,0,0,0
2,1,1,0,1,0
2,1,1,0,1,0
2,2,4,0,0,0
2,2,5,0,3,0
2,2,1,0,7,0
2,1,1,0,0,0
2,1,1,0,0,0
2,2,2,0,2,0
2,1,0,0,0,1
2,2,2,0,3,0
2,2,1,0,2,0
2,1,4,0,0,0
2,1,1,0,0,0
2,1,2,0,1,0
2,1,0,0,0,1
2,1,3,0,0,0
2,1,1,0,0,1
2,2,4,0,0,0
2,1,4,0,0,0
2,1,1,0,0,0
2,1,2,0,0,0
2,1,4,0,0,0
2,1,1,0,0,0
2,2,3,0,1,0
2,1,4,0,0,0
2,2,7,0,2,0
2,2,3,0,1,0
2,1,1,0,0,0
3,1,3,0,0,0
2,1,0,0,0,1
2,1,2,0,1,0
2,1,2,0,0,0
2,2,4,0,1,0
2,2,1,0,2,0
2,1,2,0,7,0
2,1,2,0,0,0
2,1,2,0,0,0
2,2,2,0,0,1
2,1,1,0,0,0
3,2,4,0,2,0
2,2,2,0,1,0
2,2,3,0,3,1
2,1,3,0,0,0
2,2,4,0,0,0
2,1,1,0,0,1
2,2,4,0,1,0
2,1,1,0,0,0
2,2,0,0,2,2
2,2,1,0,2,0
2,2,2,0,4,0
2,2,3,0,1,0
2,2,1,0,1,0
2,2,3,0,0,0
2,1,1,0,0,0
2,1,1,0,0,0
2,1,1,0,0,0
2,2,4,0,1,0
2,2,0,0,6,0
2,1,1,0,0,0
2,2,3,0,0,0
2,1,4,0,0,0
2,2,4,0,1,0
2,1,0,0,0,1
2,1,0,0,1,0
2,1,2,0,0,1
2,1,1,0,1,0
2,1,4,0,0,0
2,1,1,0,1,0
2,1,1,0,0,0
2,2,6,0,1,0
2,2,3,0,1,0
5,4,5,0,4,1
2,2,1,0,0,0
2,2,2,0,0,1
2,2,2,0,1,1
2,2,2,0,4,0
2,2,4,0,0,1
2,1,4,0,0,0
2,1,2,0,0,0
2,1,1,0,0,0
2,2,2,0,1,1
2,1,1,0,0,0
2,1,1,0,0,0
2,1,1,0,0,0
2,2,2,0,1,0
2,2,3,1,0,0
2,2,2,0,0,0
2,2,4,1,0,1
2,1,1,0,1,0
2,1,3,0,0,0
2,2,4,0,3,0
2,1,0,0,2,1
2,1,0,0,2,0
2,2,1,0,1,0
2,2,3,0,0,0
2,2,1,0,0,2
2,1,0,0,2,1
3,2,1,1,1,0
2,2,2,0,2,0
2,1,1,0,0,0
2,1,4,0,0,0
2,1,2,0,0,0
2,1,1,0,1,0
2,2,2,0,0,0
2,1,3,0,0,0
2,2,6,0,0,0
2,1,0,0,0,1
2,1,2,0,0,0
2,1,4,0,0,0
2,1,3,0,0,0
2,1,0,0,0,0
2,2,3,0,2,0
2,1,2,0,0,0
2,1,1,0,1,0
2,1,2,0,0,0
2,1,2,0,0,0
2,2,1,0,2,0
2,2,1,0,2,0
2,2,4,0,2,0
2,1,1,0,0,1
2,1,2,0,0,0
2,2,3,0,1,0
4,3,5,0,3,0
2,2,2,0,2,0
2,2,0,0,1,1
2,2,1,0,0,1
2,2,6,0,0,0
2,1,2,0,0,0
2,2,2,0,0,1
2,2,2,0,0,0
2,1,2,0,3,0
2,2,2,0,1,0
2,2,4,0,2,0
2,1,2,0,0,0
2,1,0,0,3,0
2,2,3,0,3,0
2,1,0,0,0,1
2,1,5,0,0,0
4,4,3,0,6,0
2,1,2,0,4,0
2,1,1,0,1,0
2,2,1,0,3,0
2,2,3,0,1,1
2,1,1,0,2,0
2,1,2,0,0,0
2,2,2,0,4,0
2,1,4,0,0,0
2,1,3,0,1,0
2,1,1,0,0,0
2,1,0,0,0,1
2,2,3,0,6,0
2,1,1,0,1,0
2,2,1,0,1,0
2,2,4,0,1,0
2,1,4,0,0,0
2,1,1,0,0,0
2,2,4,0,0,0
2,1,1,0,0,0
2,2,3,0,1,0
12,6,18,0,2,1
2,1,3,0,0,0
2,1,3,0,0,0
2,1,0,0,0,1
2,2,2,0,0,0
2,1,4,0,0,0
2,1,1,0,2,0
2,1,1,0,0,0
2,1,2,0,0,0
2,2,1,0,5,0
2,1,2,0,0,0
2,1,5,1,3,0
2,1,1,0,1,0
2,2,1,0,2,0
2,2,2,0,2,0
2,1,1,0,0,0
2,1,1,0,2,0
2,2,4,0,1,0
2,2,2,0,1,0
2,2,1,0,2,0
2,1,1,0,0,0
2,1,0,0,2,0
3,2,3,0,2,0
2,1,2,0,0,0
2,2,2,0,0,0
2,1,2,0,1,0
2,2,2,0,0,1
2,1,3,0,0,0
2,1,2,0,0,1
4,4,5,0,2,0
2,2,6,1,2,0
2,2,5,0,4,0
2,1,0,0,5,0
2,2,1,0,2,0
2,2,0,0,1,1
2,1,0,0,2,0
3,3,1,0,5,1
2,1,2,0,0,0
2,1,1,0,0,0
2,2,1,0,0,1
2,2,1,0,1,1
2,2,5,0,0,0
2,1,3,0,0,0
2,1,1,0,0,0
2,2,3,0,2,0
2,1,1,0,0,0
2,1,1,0,1,0
2,1,3,0,0,0
2,2,3,0,1,0
2,2,5,0,3,0
2,2,0,0,1,0
2,2,6,0,1,0
2,2,4,0,3,0
2,2,1,0,1,2
2,1,3,0,0,0
2,1,0,0,2,0
2,2,4,0,1,0
2,2,4,0,0,0
2,1,3,0,0,0
2,1,2,0,3,0
2,2,5,0,2,0
2,1,2,0,0,0
2,2,2,0,0,0
2,2,2,0,0,1
2,1,1,0,2,0
2,1,0,0,2,0
2,2,1,0,1,1
2,1,1,0,0,0
2,2,5,0,0,0
2,2,1,0,1,0
2,3,0,0,6,0
2,2,4,0,0,0
2,1,2,0,0,0
2,1,2,0,0,0
2,1,1,0,0,0
2,2,4,0,1,0
2,1,2,0,2,0
2,1,1,0,0,0
2,2,4,0,0,0
2,1,1,0,0,0
2,2,2,0,0,1
2,3,10,0,3,0
2,1,1,0,1,0
2,1,1,0,0,0
2,2,1,0,2,0
2,1,2,0,0,0
2,1,2,0,0,0
2,2,5,0,0,0
2,2,2,0,1,0
2,2,0,0,2,2
2,2,1,0,3,1
2,3,4,1,1,0
2,2,0,0,0,2
2,2,3,0,2,0
2,2,3,0,1,0
2,1,1,0,1,0
2,1,0,0,7,0
2,1,2,0,0,0
2,2,3,0,2,0
2,2,4,0,4,0
2,2,5,0,0,0
3,2,5,0,1,0
2,1,0,0,0,0
2,1,1,0,0,0
2,2,2,0,0,1
2,2,3,0,1,1
2,2,2,0,3,0
2,1,2,0,0,0
2,1,0,0,0,2
2,1,0,0,2,0
2,2,0,0,4,0
2,2,2,0,1,0
2,2,2,0,0,0
2,1,2,0,0,0
2,1,2,0,2,0
2,3,5,1,5,0
2,1,2,0,2,0
2,1,0,0,0,1
2,1,3,0,0,0
4,3,0,0,5,2
2,1,2,0,1,0
2,2,2,0,4,0
2,1,2,0,0,0
2,2,4,0,1,0
2,2,2,0,1,0
2,2,2,0,3,0
2,2,2,0,0,1
2,2,0,2,4,0
2,2,4,0,0,0
2,1,1,0,0,0
2,1,1,0,0,0
2,1,4,0,0,0
2,1,0,0,1,0
2,1,1,0,0,0
2,1,3,0,0,0
2,1,4,0,0,0
2,2,2,0,1,0
2,1,1,0,0,0
2,1,1,0,1,0
2,2,3,0,0,1
2,2,3,0,1,0
2,1,1,0,0,0
8,2,4,0,0,0
2,1,1,0,0,0
2,2,5,0,3,0
2,1,2,0,0,1
2,1,1,0,3,0
2,2,3,0,1,0
2,2,2,0,3,0
2,1,1,0,4,0
2,2,3,0,1,0
2,2,1,0,2,0
2,2,5,0,0,0
2,1,2,0,2,0
2,1,1,0,1,0
2,1,0,0,1,0
2,2,4,0,2,0
2,2,2,0,1,0
2,1,0,0,4,1
2,2,3,0,0,0
2,2,5,0,1,0
2,1,0,0,3,0
2,1,1,0,0,0
2,1,2,0,0,0
2,1,1,0,0,0
2,2,5,1,1,0
2,2,2,0,3,0
2,2,1,0,1,1
2,1,0,0,0,2
2,1,1,0,0,0
2,2,1,0,2,0
2,1,1,0,0,0
2,1,0,0,2,0
2,1,1,0,0,0
2,2,3,0,1,0
2,1,1,0,0,0
3,1,1,0,0,0
2,1,2,0,0,0
2,1,2,0,0,1
2,1,3,0,0,0
2,2,2,0,1,0
2,1,4,0,0,0
2,2,2,0,1,1
2,1,2,0,1,0
2,1,2,0,2,0
2,1,2,0,0,0
2,1,1,0,2,0
2,2,1,0,6,1
2,1,1,0,0,0
2,2,0,0,6,0
2,1,1,0,0,0
2,1,0,0,1,0
2,1,1,0,2,0
2,2,1,0,0,0
4,2,1,0,3,0
2,2,6,0,3,0
2,1,0,0,0,1
2,2,4,0,1,0
2,2,3,0,1,0
2,1,0,0,0,0
2,1,3,0,0,1
2,1,0,0,0,1
2,1,0,0,5,0
2,2,2,0,2,0
2,1,1,0,1,0
2,2,6,0,0,0
2,1,2,0,2,0
2,2,1,0,4,0
2,2,2,0,1,0
2,2,0,0,2,1
2,2,2,0,1,0
2,1,2,0,1,0
2,1,1,0,3,0
2,1,2,0,0,0
2,1,0,0,0,1
2,1,4,0,0,0
2,3,6,0,0,0
2,2,4,0,1,0
2,2,3,0,0,0
2,2,2,0,0,1
2,2,2,1,0,0
2,1,1,0,0,0
2,1,1,0,3,0
2,1,1,0,1,0
2,1,2,0,0,0
2,2,4,0,2,0
3,2,8,0,1,0
2,1,2,0,1,0
2,2,2,0,3,0
2,2,3,0,0,1
2,1,0,0,5,0
2,1,2,0,0,0
2,1,1,0,0,0
2,2,8,0,0,0
2,2,4,0,0,0
2,1,1,0,1,0
2,2,3,0,2,1
2,1,1,0,2,0
2,2,3,0,1,1
2,1,1,0,0,0
2,1,2,0,0,0
2,1,1,0,1,0
2,1,1,0,0,0
2,1,2,0,0,0
2,2,2,0,2,0
2,1,0,0,0,1
2,1,1,0,0,0
2,2,4,0,1,0
2,2,6,0,0,0
2,2,2,0,1,0
2,2,1,0,0,1
2,2,2,0,2,0
2,2,3,0,0,0
2,2,3,0,3,0
2,2,2,0,2,0
2,2,4,0,2,0
2,1,3,0,0,0
2,2,2,0,0,0
3,2,3,0,1,0
2,1,3,0,0,0
2,1,0,0,5,0
2,1,3,0,1,0
2,1,0,0,0,2
2,1,1,0,0,0
2,2,5,0,0,0
2,2,5,1,0,0
2,2,0,0,5,1
2,2,1,0,0,1
2,1,0,0,0,1
2,1,0,0,2,0
2,1,0,0,0,1
2,1,0,0,3,0
2,1,1,0,2,0
6,4,7,0,5,0
2,1,1,0,0,0
2,1,1,0,0,0
2,2,4,0,0,0
2,1,0,0,2,0
2,2,4,0,4,0
2,3,3,0,4,0
2,1,1,0,1,0
2,1,1,0,1,0
2,2,4,0,1,0
2,1,3,0,0,0
2,1,0,0,0,1
2,2,5,0,2,0
2,1,0,0,2,1
2,1,1,0,0,0
2,2,6,0,0,0
2,1,1,0,0,0
2,1,0,0,0,1
2,2,1,0,4,0
2,2,2,0,0,0
2,2,3,0,2,0
2,1,4,0,0,0
2,2,6,0,2,0
2,1,1,0,2,0
2,1,1,0,0,0
2,2,2,0,1,0
2,2,3,0,1,0
2,2,1,1,1,0
2,1,0,0,2,0
2,2,0,0,5,1
2,1,0,0,4,0
2,1,0,0,1,1
3,1,1,0,1,0
2,1,2,0,1,1
2,2,2,0,2,0
2,1,0,0,7,0
2,2,4,0,2,0
2,2,1,0,2,0
2,2,2,0,0,0
2,1,1,0,0,0
2,1,1,0,0,0
3,1,0,0,0,0
2,1,3,0,0,0
2,2,2,0,4,0
2,2,1,0,2,0
2,2,2,0,1,1
2,2,0,0,1,1
2,2,2,0,1,0
2,2,5,0,1,0
2,2,3,0,8,0
2,1,1,0,2,0
2,1,3,0,0,0
2,2,1,0,2,1
2,1,1,0,0,0
2,2,3,0,0,1
2,2,1,0,2,0
2,1,1,0,0,0
2,1,1,0,0,0
2,2,0,0,0,1
2,2,2,0,0,0
2,2,4,0,0,0
2,2,4,0,2,0
2,2,4,0,1,0
2,1,0,0,1,1
2,1,1,0,3,0
2,2,3,0,0,0
2,1,1,0,0,0
2,1,1,0,2,0
2,1,0,0,6,0
2,1,0,0,5,0
2,2,6,0,1,0
2,1,1,0,2,0
2,2,1,0,1,0
2,1,2,0,0,0
2,2,5,0,0,0
2,1,1,0,0,0
2,1,3,0,0,0
2,2,2,0,0,1
2,1,0,0,0,0
2,1,1,0,0,0
2,1,2,0,0,0
2,1,1,0,0,0
2,1,1,0,5,0
2,1,1,0,6,0
2,2,4,0,1,0
2,1,1,0,1,0
2,1,1,0,0,0
2,1,1,0,1,1
2,1,1,0,0,0
3,2,2,0,1,0
2,2,1,0,2,0
2,2,1,0,1,0
2,1,1,0,0,0
2,1,2,0,0,0
2,2,0,0,6,0
2,2,1,0,1,0
2,1,6,0,0,0
2,1,1,0,1,0
2,1,3,0,0,0
2,2,2,0,2,0
2,2,3,0,0,0
2,2,5,0,1,0
2,1,1,0,2,0
2,2,3,0,4,0
2,1,2,0,0,0
2,1,3,0,0,0
2,1,1,0,0,0
2,2,2,0,4,0
2,2,3,0,0,0
2,1,1,0,1,0
2,1,1,0,0,0
2,1,2,0,5,0
2,2,3,0,1,0
2,1,1,0,1,0
2,2,3,0,0,0
2,1,0,0,1,1
3,1,1,0,1,0
2,2,4,0,0,0
2,2,0,0,5,0
2,1,2,0,4,0
2,1,3,0,0,0
2,1,3,0,1,0
2,2,6,0,0,0
2,2,7,3,2,0
2,2,5,0,2,0
2,3,1,0,6,0
2,1,1,0,2,0
2,2,3,0,3,0
5,4,3,0,5,0
2,1,0,0,3,1
2,2,5,0,2,0
2,2,4,0,2,0
3,3,1,1,0,1
2,2,2,0,5,0
2,1,1,0,0,0
2,2,3,0,1,0
2,1,2,0,0,0
2,1,0,0,5,0
2,2,3,0,1,0
2,2,2,0,6,0
2,2,5,1,2,0
2,2,4,0,1,0
2,1,0,0,0,1
2,2,4,0,0,0
2,1,0,0,0,2
2,2,4,0,2,0
2,1,1,0,0,0
2,1,1,0,0,0
2,1,1,0,0,0
2,1,2,0,4,0
2,2,3,0,1,0
2,1,2,0,0,0
2,2,3,0,1,1
2,1,2,0,1,0
2,2,2,0,5,0
2,1,0,0,0,1
2,1,1,0,2,0
2,2,1,0,3,0
2,1,1,0,0,0
2,2,2,0,1,0
2,1,1,0,0,0
4,4,8,0,1,0
2,1,2,0,0,1
2,2,3,0,1,0
2,2,1,0,5,0
2,1,0,0,0,1
2,1,1,0,1,0
2,1,1,0,0,0
2,1,0,0,1,0
2,1,0,0,5,0
5,3,5,0,2,0
2,1,3,0,0,0
2,1,1,0,0,0
2,1,0,0,0,0
2,2,3,0,0,0
2,1,2,0,0,0
2,2,3,0,4,0
2,1,2,0,1,0
2,2,3,0,4,0
2,2,3,0,0,0
2,2,1,0,2,0
2,2,2,0,2,0
2,1,1,0,0,0
2,2,2,0,3,0
2,2,4,0,0,0
2,1,4,0,3,0
2,1,1,0,0,0
2,1,4,0,0,0
2,2,1,0,4,0
2,2,0,1,4,0
2,1,1,0,0,0
2,1,2,0,0,0
2,1,1,0,1,0
3,2,1,0,2,0
2,1,0,0,0,1
2,2,0,0,1,0
2,1,0,0,0,1
2,1,1,0,0,0
2,2,5,0,0,1
2,2,3,0,0,0
2,1,0,0,1,0
2,2,2,0,1,0
2,2,6,0,1,1
2,2,0,0,1,1
2,1,1,0,0,0
2,2,3,0,0,0
2,1,1,0,1,0
2,1,1,0,1,0
2,1,3,0,0,0
2,1,2,0,0,0
2,1,1,0,2,0
4,4,4,2,3,0
2,2,3,0,1,0
2,1,1,0,0,0
2,1,2,0,0,0
2,1,1,0,0,0
2,2,3,0,1,0
2,2,4,0,0,0
2,2,1,0,2,0
2,1,1,0,0,0
2,1,2,0,0,0
2,1,4,0,0,0
2,1,1,0,2,0
2,2,1,0,1,0
2,2,0,0,4,1
2,1,1,0,1,0
2,1,1,0,0,0
2,2,2,0,4,2
2,2,1,0,3,0
2,1,2,0,0,1
2,2,1,0,1,0
2,1,0,0,0,1
2,2,0,0,3,2
2,1,3,0,0,0
2,1,1,0,0,1
2,1,1,0,0,0
2,2,1,0,2,0
2,2,4,0,0,0
3,1,1,0,3,0
2,1,2,0,0,0
2,1,1,0,0,0
2,1,1,0,2,0
3,3,6,0,1,0
2,2,1,0,1,0
2,2,2,0,2,0
2,1,4,0,0,0
2,2,2,0,1,0
2,1,1,0,1,0
2,1,0,0,1,0
2,1,1,0,0,0
2,1,1,0,0,0
2,1,2,0,0,0
2,2,3,0,2,0
2,2,1,0,2,0
2,2,1,0,2,0
2,2,1,0,0,1
2,1,1,0,0,0
2,2,2,0,3,0
2,1,1,0,0,0
2,2,2,0,1,0
2,1,0,0,1,0
2,1,1,0,0,0
2,2,4,0,0,0
2,2,0,1,9,0
5,2,6,0,0,0
2,1,3,0,0,0
2,1,5,0,0,0
2,2,5,0,0,0
2,1,0,0,2,1
2,1,0,0,0,1
2,1,1,0,0,0
2,2,3,0,3,0
2,2,7,0,0,0
2,1,2,0,6,0
2,1,1,0,0,0
2,1,1,0,0,0
2,1,2,0,0,0
2,1,1,0,0,0
2,1,1,0,0,0
2,1,1,0,0,0
2,2,6,0,2,0
2,1,1,0,2,0
2,2,4,0,0,1
2,1,0,0,2,1
2,1,2,0,2,0
2,1,1,0,1,0
2,1,1,0,0,0
2,2,4,0,0,0
2,1,0,0,4,0
2,1,1,0,0,0
2,2,0,0,5,1
2,1,1,0,0,0
2,1,0,0,1,0
2,1,0,0,2,0
3,2,0,0,3,1
2,1,0,0,2,0
2,1,4,0,0,0
2,1,3,0,1,0
2,2,0,0,2,0
2,2,2,0,1,1
2,2,2,0,1,0
2,2,2,0,1,0
2,2,2,0,6,0
2,1,1,0,1,0
2,2,1,0,1,0
2,1,0,0,0,1
2,1,0,0,0,0
2,2,4,0,2,0
2,2,2,0,0,1
2,2,3,0,1,0
3,1,2,0,0,0
2,2,3,0,1,0
2,1,0,0,0,0
2,2,1,0,3,0
2,2,7,0,0,0
2,1,1,0,0,0
5,1,3,0,0,1
2,1,4,0,2,0
2,2,2,0,1,0
2,1,3,0,0,0
2,2,1,0,2,1
2,2,6,0,4,0
2,2,1,0,3,0
2,2,4,0,1,0
2,1,1,0,0,0
2,2,1,0,1,0
2,2,4,0,0,0
2,2,3,0,6,0
2,2,3,0,2,0
2,1,2,0,1,0
2,2,4,0,2,0
2,2,1,0,1,0
2,2,3,0,3,0
2,1,3,0,0,0
2,1,3,0,0,0
2,1,2,0,0,0
2,1,4,0,0,0
2,1,2,0,0,0
2,1,2,0,0,0
2,1,6,0,0,0
2,2,1,0,3,0
2,1,0,0,2,1
2,2,3,0,0,0
2,2,2,0,3,0
2,1,1,0,0,0
2,1,1,0,5,0
2,2,2,0,5,0
2,1,3,0,2,0
2,2,2,0,1,0
2,2,1,0,4,0
2,1,0,0,1,0
2,1,1,0,0,0
2,2,2,0,0,0
2,2,4,0,2,0
2,2,4,0,1,0
2,1,3,0,0,0
2,2,4,0,0,0
3,1,3,0,0,0
2,2,0,0,2,1
2,1,2,0,0,0
2,2,0,0,4,1
2,1,0,1,0,0
2,1,1,0,1,0
2,2,2,0,0,1
2,1,1,0,0,0
2,1,2,0,0,0
2,2,3,0,1,0
2,2,3,0,1,0
2,1,0,0,8,0
2,1,1,0,0,0
2,1,1,0,0,1
2,1,1,0,0,0
2,1,1,0,1,0
2,2,1,0,2,1
2,1,3,0,0,0
2,2,2,1,1,0
2,2,3,0,0,0
2,2,0,0,6,0
2,2,1,0,2,0
2,2,9,0,10,0
2,1,1,0,0,0
2,1,0,0,6,0
2,2,3,0,0,0
2,1,2,0,0,0
2,1,4,0,0,0
2,1,2,0,0,0
2,2,3,0,0,0
2,1,0,0,1,0
2,2,1,0,1,0
2,1,1,0,0,0
2,1,1,0,6,0
2,1,0,0,2,0
2,2,2,0,1,0
2,1,0,0,1,0
2,2,1,0,3,1
2,1,3,0,1,0
2,2,1,0,1,0
2,2,1,0,0,2
2,2,5,0,2,0
2,1,0,0,1,0
2,1,1,0,0,0
2,2,2,0,5,0
2,1,0,0,1,0
2,2,3,0,0,0
2,2,3,0,1,0
2,2,0,0,4,0
2,2,1,0,2,0
2,2,1,0,1,0
2,1,1,0,0,0
2,1,2,0,0,0
2,1,0,0,3,1
2,2,2,0,3,0
2,2,2,0,0,0
2,2,1,0,1,0
2,1,3,0,0,0
3,3,7,0,2,0
2,2,3,0,1,0
2,1,2,0,2,0
2,2,2,0,1,0
2,2,2,0,4,0
2,2,4,0,1,0
3,1,2,0,0,0
2,1,1,0,0,0
2,1,1,0,0,0
2,1,0,0,0,0
2,1,1,0,0,0
3,1,1,0,0,0
3,1,2,0,1,0
3,2,1,0,0,1
2,1,1,0,1,0
2,1,1,0,0,0
2,1,1,0,0,0
2,2,5,0,0,1
2,1,2,0,1,0
2,1,2,0,0,0
2,2,4,0,0,0
2,1,2,0,0,0
2,2,2,0,2,0
2,1,1,0,1,0
2,1,0,0,2,1
2,1,1,0,0,0
2,1,1,0,0,0
2,1,2,0,2,0
2,2,1,0,2,1
2,1,1,0,1,0
2,1,2,0,5,0
2,1,1,0,1,0
2,1,0,0,1,0
2,1,3,0,0,0
2,1,1,0,0,0
2,1,1,0,0,0
2,1,1,0,0,0
2,2,4,0,0,0
2,2,1,0,2,1
2,2,4,0,6,0
2,2,3,0,2,0
2,2,5,0,0,0
2,2,2,0,3,0
2,2,7,0,0,0
2,2,1,0,1,0
2,2,1,0,0,1
2,2,5,0,2,0
2,1,2,0,0,0
2,1,1,0,3,0
2,1,1,0,2,0
2,1,1,0,0,0
2,1,4,0,0,0
2,2,3,0,0,0
2,1,3,0,0,0
2,1,1,0,0,0
2,2,0,0,2,1
2,2,2,0,3,0
2,1,1,0,0,0
2,1,1,0,1,0
2,2,2,0,2,0
2,2,2,0,0,0
2,1,1,0,0,0
2,1,1,0,0,0
2,2,2,1,6,0
2,2,3,0,1,0
2,2,4,0,2,0
2,1,0,0,0,0
2,1,4,0,1,0
2,1,2,0,0,1
2,1,4,0,1,0
2,1,1,0,0,0
2,2,2,0,0,0
2,3,2,0,1,0
2,2,3,0,2,0
2,1,1,0,0,0
2,1,3,0,2,0
2,1,1,0,0,0
2,2,2,0,1,0
2,2,2,0,1,0
2,1,4,0,0,0
2,2,3,0,2,0
2,1,0,0,0,0
2,1,3,0,0,0
2,2,1,0,1,1
2,2,5,0,1,0
2,2,3,0,7,0
2,2,4,0,0,0
2,1,1,0,1,0
2,1,0,0,4,0
2,1,2,0,2,0
2,2,3,0,2,0
2,1,0,0,1,0
2,1,2,0,1,0
2,2,1,0,1,0
2,1,2,0,0,0
2,2,4,0,2,0
2,1,0,0,0,1
2,1,1,0,1,0
2,2,4,0,4,0
2,2,3,2,1,0
3,1,3,0,0,0
2,2,0,0,4,1
2,2,3,0,1,0
2,1,1,0,1,0
2,1,1,0,5,0
2,1,0,0,2,0
2,2,1,0,1,0
2,1,1,0,0,0
2,2,2,0,1,0
2,1,0,0,1,0
2,1,1,0,0,0
2,1,2,0,0,0
2,2,5,0,3,0
2,2,1,0,1,1
2,1,1,0,0,0
2,2,5,0,1,0
2,1,1,0,0,0
2,2,8,0,1,0
2,2,4,0,0,0
2,1,1,0,2,0
3,2,4,0,0,1
2,2,2,0,3,0
2,1,2,0,0,0
2,2,7,0,1,0
2,2,2,0,3,0
2,1,2,0,0,0
2,2,3,0,0,1
2,2,0,0,6,1
2,2,1,1,1,1
2,2,6,0,1,0
2,1,1,0,0,0
3,1,0,0,1,0
2,2,2,0,1,0
2,2,2,0,1,1
2,2,2,0,0,0
3,2,2,0,6,0
2,1,1,0,0,0
2,1,3,0,0,0
2,1,3,0,0,0
4,3,7,0,0,0
2,1,1,0,0,0
2,1,1,1,1,0
2,1,2,0,0,0
2,2,3,0,0,0
2,2,1,0,0,0
2,2,4,1,4,0
2,2,3,0,0,1
2,1,1,0,0,0
2,2,7,0,3,0
3,2,1,0,2,0
2,1,1,0,0,0
2,2,5,0,0,0
2,1,2,0,1,0
2,2,1,0,4,0
2,1,0,0,2,1
2,2,0,0,2,1
2,1,3,0,0,1
2,1,4,0,0,0
2,2,3,0,2,0
2,1,4,0,0,0
2,2,5,0,2,1
2,1,1,0,0,0
5,4,4,0,5,0
2,2,4,0,1,0
2,1,1,0,0,0
2,1,2,0,3,0
2,1,1,0,2,0
2,2,6,0,1,0
2,2,0,0,7,0
2,1,1,0,0,0
2,2,1,0,6,0
2,1,1,0,2,0
3,3,4,0,3,0
2,2,7,0,0,0
2,1,0,0,0,1
2,1,0,0,3,1
2,2,4,0,1,0
2,1,1,0,2,0
2,1,2,0,4,0
2,3,3,0,3,0
2,1,2,0,0,0
2,4,7,0,2,0
2,2,3,0,1,0
2,2,2,0,0,0
2,1,4,0,0,0
2,1,0,0,4,0
2,2,4,0,1,0
2,2,1,0,1,0
2,1,3,0,0,0
2,1,1,0,1,0
2,2,3,0,1,0
2,1,1,0,0,0
2,1,1,0,0,0
2,2,2,0,1,0
2,1,2,0,1,0
2,1,1,0,0,0
2,2,2,0,1,0
2,2,3,0,0,0
2,1,1,0,0,0
2,1,0,0,0,1
2,1,1,0,0,0
2,2,2,0,4,1
2,2,2,0,1,0
3,3,3,0,1,0
2,1,1,0,0,0
2,2,6,0,5,0
2,1,1,0,2,0
2,2,3,0,1,0
2,2,4,0,1,1
3,1,3,0,0,0
2,1,1,0,1,0
2,2,2,0,3,0
2,1,1,0,0,0
2,2,0,0,6,1
2,2,1,0,0,1
2,1,2,0,0,0
2,1,1,0,1,0
2,1,1,0,5,0
2,2,3,0,2,0
2,1,1,0,0,0
2,2,1,0,2,1
2,2,1,0,2,0
2,1,1,0,0,0
2,1,1,0,0,0
2,1,1,0,2,1
2,1,1,0,2,0
2,1,1,0,0,1
2,1,0,0,0,0
3,3,3,0,3,0
2,2,1,0,1,0
2,2,4,0,0,0
4,3,2,0,5,0
2,1,1,0,1,0
2,1,0,0,1,0
2,1,2,0,4,0
2,2,3,0,1,0
2,2,2,0,5,0
3,1,0,0,4,0
2,2,1,0,0,0
2,2,1,0,0,0
2,2,0,0,6,1
2,1,1,0,2,0
2,1,3,0,0,0
2,2,0,0,6,0
2,2,1,0,1,0
2,1,2,0,0,1
2,1,3,0,0,0
2,2,3,0,1,0
2,2,3,0,2,0
2,2,3,0,5,0
2,2,3,0,4,0
2,1,0,0,1,1
2,1,4,0,0,0
2,1,2,0,0,0
2,2,1,0,3,1
2,2,2,0,1,1
2,2,1,0,1,0
2,1,2,0,0,0
2,2,1,0,2,1
2,1,1,0,0,0
2,1,1,0,0,0
2,2,2,0,0,1
2,2,5,0,2,0
2,3,9,0,1,0
2,1,0,0,7,0
2,1,1,0,0,0
2,2,1,0,2,0
2,2,2,0,1,0
2,1,1,0,0,0
2,2,2,0,3,0
3,1,1,0,0,0
2,1,2,0,0,0
2,1,2,0,0,0
3,1,1,0,0,0
2,1,2,0,0,1
2,1,1,0,1,0
2,1,2,0,0,0
2,1,2,0,1,0
2,2,5,0,0,0
2,2,2,1,0,0
2,2,4,0,0,0
2,2,3,0,0,0
2,1,0,0,4,0
2,2,4,0,0,0
2,2,2,0,5,1
2,1,1,0,0,0
2,2,1,0,2,0
2,2,4,0,2,0
2,2,6,0,0,0
2,1,1,0,0,0
2,1,2,0,3,0
2,1,0,0,0,1
2,2,1,0,2,0
2,1,0,0,0,1
2,2,1,0,1,0
2,1,1,0,0,0
2,2,0,0,3,2
2,2,1,0,8,0
2,2,0,0,7,0
2,1,4,0,0,0
2,2,4,0,0,0
2,1,1,0,0,0
2,1,1,0,0,0
2,1,3,0,0,0
2,2,5,0,0,0
2,1,1,0,1,0
2,2,1,0,0,2
2,1,2,0,0,0
2,1,1,0,0,0
2,1,1,0,1,0
2,2,3,0,0,0
2,2,3,0,4,0
2,1,1,0,0,0
2,2,3,0,5,0
2,1,1,0,3,0
2,1,2,0,1,0
2,1,2,0,0,0
2,2,2,2,1,0
2,2,3,0,1,0
2,1,2,0,0,0
2,1,1,0,1,0
2,2,1,0,2,0
2,2,2,0,1,0
2,1,0,0,1,1
2,2,2,0,4,1
2,1,1,0,0,0
2,2,5,0,0,0
2,2,3,0,3,1
2,1,1,0,0,0
2,2,2,0,1,0
2,1,0,0,0,0
2,2,2,0,8,1
2,1,1,0,1,0
2,1,2,0,0,0
2,2,0,0,2,1
2,1,0,0,0,1
2,1,1,0,0,0
2,1,1,0,0,0
2,2,6,0,2,0
2,2,2,0,2,0
2,2,3,0,1,0
2,1,0,0,5,0
2,1,1,0,0,0
2,1,1,0,2,0
2,1,2,1,2,0
2,2,6,0,0,0
2,1,3,0,0,0
2,1,3,0,0,0
2,2,2,0,1,0
2,1,0,0,0,1
2,2,4,0,0,0
2,2,5,0,0,0
2,2,6,0,0,1
2,1,1,0,1,0
2,2,3,0,4,0
2,2,2,0,5,0
2,1,3,0,0,0
2,2,2,0,2,0
2,2,2,0,1,0
2,1,1,0,1,0
2,1,1,0,1,0
2,2,4,0,4,0
2,1,2,0,3,0
2,2,1,0,1,0
2,2,0,0,6,1
2,1,1,0,0,1
2,1,1,0,0,0
2,2,5,0,0,0
2,2,3,0,0,0
2,2,3,0,2,0
2,1,2,0,0,0
2,1,1,0,1,0
2,2,1,0,0,0
2,2,3,0,2,0
2,2,0,1,2,0
2,1,2,0,0,0
2,2,4,0,0,0
2,1,2,0,0,0
2,2,3,0,0,0
2,2,0,0,1,1
2,2,3,0,2,0
2,2,2,0,1,0
2,1,2,0,0,0
2,2,1,0,1,1
2,1,1,0,1,0
2,1,3,0,0,0
2,1,1,0,2,0
2,2,0,0,1,1
2,1,2,0,0,0
2,1,0,0,3,0
